service_id,monday,tuesday,wednesday,thursday,friday,saturday,sunday,start_date,end_date
120_20251214,1,1,1,1,1,1,0,20251214,20261212
121_20251214,1,1,1,1,1,1,1,20251214,20261212
122_20251214,1,1,1,1,1,1,1,20251214,20261212
123_20251214,1,1,1,1,1,1,0,20251214,20261212
124_20251214,1,1,1,1,1,1,1,20251214,20261212
125_20251214,1,1,1,1,1,1,0,20251214,20261212
126_20251214,1,1,1,1,1,0,1,20251214,20261212
127_20251214,1,1,1,1,1,1,1,20251214,20261212
128_20260102,1,1,1,1,1,1,0,20260102,20261212
129_20260101,1,1,1,1,1,0,1,20260101,20261212
130_20260102,1,1,1,1,1,1,1,20260102,20261212
131_20260102,1,1,1,1,1,1,1,20260102,20261212
132_20251214,1,1,1,1,1,1,1,20251214,20261212
133_20251214,1,1,1,1,1,1,1,20251214,20261212
134_20251214,1,1,1,1,1,1,1,20251214,20261212
135_20251214,1,1,1,1,1,0,1,20251214,20261212
136_20260302,1,1,1,1,1,0,1,20260302,20261212
137_20260101,1,1,1,1,1,1,1,20260101,20261212
180_20260102,1,1,1,1,1,1,1,20260102,20261212
182_20260102,1,1,1,1,1,1,1,20260102,20261212
184_20260101,1,1,1,1,1,1,1,20260101,20261212
186_20260101,1,1,1,1,1,1,1,20260101,20261212
481_20260102,1,1,1,1,1,1,1,20260102,20261212
482_20260102,1,1,1,1,1,1,1,20260102,20261212
485_20251214,1,1,1,1,1,1,1,20251214,20261212
486_20251214,1,1,1,1,1,1,1,20251214,20261212
510_20260102,1,1,1,1,1,1,1,20260102,20261212
511_20260102,1,1,1,1,1,1,1,20260102,20261212
512_20251214,1,1,1,1,1,1,1,20251214,20261212
513_20251214,1,1,1,1,1,1,1,20251214,20261212
514_20260101,1,1,1,1,1,1,1,20260101,20261212
515_20260101,1,1,1,1,1,1,1,20260101,20261212
516_20251214,1,0,0,0,0,0,1,20251214,20261212
517_20251214,0,0,0,1,1,0,0,20251214,20261212
518_20251214,1,0,0,0,0,0,1,20251214,20261212
519_20251214,0,0,0,1,1,0,0,20251214,20261212
520_20260405,1,1,1,1,1,1,0,20260405,20261212
521_20260405,1,1,1,1,1,1,0,20260405,20261212
522_20251214,0,0,0,0,0,0,1,20251214,20261212
523_20251214,1,1,1,1,1,1,1,20251214,20261212
524_20251214,1,1,1,1,1,1,1,20251214,20261212
525_20251214,0,0,0,1,1,0,0,20251214,20261212
526_20251214,1,0,0,0,0,0,1,20251214,20261212
527_20251214,0,0,0,0,0,1,0,20251214,20261212
528_20260101,1,1,1,1,1,1,1,20260101,20261212
529_20260101,1,1,1,1,1,1,1,20260101,20261212
540_20260316,1,1,1,1,1,1,1,20260316,20261212
541_20260316,1,1,1,1,1,1,1,20260316,20261212
542_20260316,1,1,1,1,1,1,1,20260316,20261212
543_20260316,1,1,1,1,1,1,1,20260316,20261212
544_20260316,1,1,1,1,1,1,1,20260316,20261212
545_20260316,1,1,1,1,1,1,1,20260316,20261212
570_20251214,1,1,1,1,1,1,1,20251214,20261212
572_20251214,1,1,1,1,1,1,1,20251214,20261212
574_20260101,1,1,1,1,1,1,1,20260101,20261212
580_20251214,1,1,1,1,1,1,1,20251214,20261212
581_20251214,1,1,1,1,1,0,0,20251214,20261212
582_20251214,1,1,1,1,1,0,0,20251214,20261212
583_20251214,1,1,1,1,1,0,0,20251214,20261212
584_20251214,1,1,1,1,1,1,1,20251214,20261212
585_20251214,1,1,1,1,1,1,1,20251214,20261212
587_20251214,1,1,1,1,1,1,1,20251214,20261212
588_20260101,1,1,1,1,1,1,1,20260101,20261212
590_20251214,1,1,1,1,1,0,0,20251214,20261212
592_20251214,1,1,1,1,1,0,0,20251214,20261212
594_20251214,1,1,1,1,1,1,1,20251214,20261212
596_20251214,1,1,1,1,1,1,1,20251214,20261212
598_20260101,1,1,1,1,1,1,1,20260101,20261212
620_20251214,1,1,1,1,1,1,1,20251214,20261212
621_20251214,1,1,1,1,1,1,1,20251214,20261212
670_20251215,1,1,1,1,1,1,1,20251215,20261212
672_20251214,1,1,1,1,1,1,1,20251214,20261212
674_20260101,1,1,1,1,1,1,1,20260101,20261212
680_20251214,1,1,1,1,1,0,0,20251214,20261212
682_20251214,1,1,1,1,1,0,0,20251214,20261212
684_20251214,1,1,1,1,1,0,0,20251214,20261212
686_20251214,1,1,1,1,1,0,0,20251214,20261212
688_20260101,1,1,1,1,1,1,1,20260101,20261212
690_20251214,1,1,1,1,1,0,0,20251214,20261212
692_20251214,1,1,1,1,1,1,1,20251214,20261212
694_20251214,1,1,1,1,1,1,1,20251214,20261212
696_20260101,1,1,1,1,1,1,1,20260101,20261212
698_20251214,1,1,1,1,1,0,0,20251214,20261212
720_20251214,1,1,1,1,1,1,1,20251214,20261212
721_20251214,1,1,1,1,1,1,1,20251214,20261212
722_20251214,1,1,1,1,1,1,1,20251214,20261212
723_20260208,1,1,1,1,1,1,1,20260208,20261212
730_20260102,1,1,1,1,1,1,0,20260102,20261212
731_20260101,1,1,1,1,1,0,1,20260101,20261212
790_20251214,1,1,1,1,1,0,0,20251214,20261212
800_20260322,1,1,1,1,1,1,1,20260322,20261212
801_20260322,1,1,1,1,1,1,0,20260322,20261212
802_20260322,1,1,1,1,1,1,1,20260322,20261212
804_20260322,1,1,1,1,1,0,1,20260322,20261212
805_20260322,1,1,1,1,1,1,1,20260322,20261212
807_20260322,1,1,1,1,1,1,1,20260322,20261212
809_20260322,0,0,0,1,1,0,0,20260322,20261212
820_20251214,1,0,0,0,0,0,1,20251214,20261212
821_20251214,0,0,0,1,1,0,0,20251214,20261212
830_20260101,1,1,1,1,1,1,1,20260101,20261212
831_20260102,1,1,1,1,1,1,1,20260102,20261212
850_20260102,1,1,1,1,1,1,1,20260102,20261212
851_20260102,1,1,1,1,1,1,1,20260102,20261212
852_20251214,1,1,1,1,1,1,1,20251214,20261212
853_20260102,1,1,1,1,1,1,1,20260102,20261212
854_20251214,1,1,1,1,1,1,1,20251214,20261212
855_20251214,1,1,1,1,1,1,1,20251214,20261212
856_20260101,1,1,1,1,1,1,1,20260101,20261212
857_20251214,1,1,1,1,1,1,1,20251214,20261212
860_20260402,1,1,1,1,1,1,1,20260402,20261212
861_20260402,1,1,1,1,1,1,1,20260402,20261212
862_20260419,1,1,1,1,1,1,1,20260419,20261212
864_20260419,1,1,1,1,1,1,1,20260419,20261212
865_20260402,1,1,1,1,1,1,1,20260402,20261212
866_20260402,1,1,1,1,1,1,1,20260402,20261212
867_20260419,1,1,1,1,1,1,1,20260419,20261212
868_20260402,1,1,1,1,1,1,1,20260402,20261212
869_20260402,1,1,1,1,1,1,1,20260402,20261212
871_20260419,1,1,1,1,1,1,1,20260419,20261212
873_20260402,1,1,1,1,1,1,1,20260402,20261212
874_20260402,1,1,1,1,1,1,1,20260402,20261212
875_20260402,1,1,1,1,1,1,1,20260402,20261212
876_20260402,1,1,1,1,1,1,1,20260402,20261212
877_20260402,1,1,1,1,1,1,1,20260402,20261212
930_20251214,1,1,1,1,1,0,0,20251214,20261212
931_20251214,1,1,1,1,1,0,0,20251214,20261212
932_20251214,1,1,1,1,1,0,0,20251214,20261212
933_20251214,1,1,1,1,1,0,0,20251214,20261212
3000_20260102,1,1,1,1,1,1,1,20260102,20261212
3100_20260102,1,1,1,1,1,1,1,20260102,20261212
3101_20260102,1,1,1,1,1,1,0,20260102,20261212
3102_20260102,1,1,1,1,1,1,0,20260102,20261212
3103_20251214,1,1,1,1,1,0,0,20251214,20261212
3104_20251214,1,1,1,1,1,1,1,20251214,20261212
3105_20260101,1,1,1,1,1,1,1,20260101,20261212
3106_20251214,1,1,1,1,1,1,1,20251214,20261212
3200_20251214,1,1,1,1,1,1,1,20251214,20261212
3202_20260101,1,1,1,1,1,1,1,20260101,20261212
3300_20251214,1,1,1,1,1,1,1,20251214,20261212
3301_20260102,1,1,1,1,1,1,1,20260102,20261212
3302_20251214,1,1,1,1,1,0,0,20251214,20261212
3303_20251214,1,1,1,1,1,1,1,20251214,20261212
3304_20251214,1,1,1,1,1,1,1,20251214,20261212
3305_20251214,1,1,1,1,1,1,1,20251214,20261212
3307_20260101,1,1,1,1,1,1,1,20260101,20261212
3309_20260101,1,1,1,1,1,1,1,20260101,20261212
3400_20260425,0,0,0,0,0,1,0,20260425,20260425
3400_20260426,1,0,0,0,0,0,0,20260426,20260427
3400_20260502,0,0,0,0,0,1,0,20260502,20260502
3400_20260503,1,0,0,0,0,0,0,20260503,20260504
3400_20260509,0,0,0,0,0,1,0,20260509,20260509
3400_20260510,1,0,0,0,0,0,0,20260510,20260511
3400_20260516,0,0,0,0,0,1,0,20260516,20260516
3400_20260517,1,1,1,1,1,1,0,20260517,20261212
3401_20260418,1,1,1,1,0,0,1,20260418,20260423
3401_20260424,0,0,0,0,1,0,0,20260424,20260424
3401_20260425,1,1,1,1,0,0,1,20260425,20260430
3401_20260501,0,0,0,0,1,0,0,20260501,20260501
3401_20260502,1,1,1,1,0,0,1,20260502,20260507
3401_20260508,0,0,0,0,1,0,0,20260508,20260508
3401_20260509,1,1,1,1,0,0,1,20260509,20260514
3401_20260515,0,0,0,0,1,0,0,20260515,20260515
3401_20260516,1,1,1,1,1,0,1,20260516,20261212
4000_20260402,1,1,1,1,1,1,1,20260402,20261212
4001_20260420,1,1,1,1,1,0,0,20260420,20260424
4001_20260425,0,0,0,0,0,1,1,20260425,20260426
4001_20260427,1,1,1,1,0,0,0,20260427,20260430
4001_20260501,0,0,0,0,1,0,0,20260501,20260501
4001_20260502,0,0,0,0,0,1,1,20260502,20260503
4001_20260504,1,1,1,1,1,0,0,20260504,20260508
4001_20260509,0,0,0,0,0,1,1,20260509,20260510
4001_20260511,1,1,1,1,1,0,0,20260511,20260515
4001_20260516,0,0,0,0,0,1,1,20260516,20260517
4001_20260518,1,1,1,1,1,0,0,20260518,20260522
4001_20260523,0,0,0,0,0,1,1,20260523,20260524
4001_20260525,1,1,1,1,1,0,0,20260525,20260529
4001_20260530,0,0,0,0,0,1,1,20260530,20260531
4001_20260601,1,1,1,1,1,0,0,20260601,20260605
4001_20260606,0,0,0,0,0,1,1,20260606,20260607
4001_20260608,1,1,1,1,1,0,0,20260608,20260612
4001_20260613,0,0,0,0,0,1,1,20260613,20260614
4001_20260615,1,1,1,1,1,0,0,20260615,20260619
4001_20260620,0,0,0,0,0,1,1,20260620,20260621
4001_20260622,1,1,1,1,1,0,0,20260622,20260626
4001_20260627,0,0,0,0,0,1,1,20260627,20260628
4001_20260629,1,1,1,1,1,0,0,20260629,20260703
4001_20260704,0,0,0,0,0,1,1,20260704,20260705
4001_20260706,1,1,1,1,1,0,0,20260706,20260710
4001_20260711,1,1,1,1,1,1,1,20260711,20261212
4100_20260402,1,1,1,1,1,1,0,20260402,20261212
4101_20260402,1,1,1,1,1,1,0,20260402,20261212
4102_20260402,1,1,1,1,1,1,1,20260402,20261212
4103_20260402,1,1,1,1,1,1,1,20260402,20261212
4104_20260402,1,1,1,1,1,1,1,20260402,20261212
4105_20260419,1,1,1,1,1,1,1,20260419,20261212
4106_20260402,1,1,1,1,1,1,1,20260402,20261212
4107_20260402,1,1,1,1,1,1,1,20260402,20261212
4200_20260402,1,1,1,1,1,1,1,20260402,20261212
4400_20251214,1,1,1,1,1,0,0,20251214,20261212
4401_20260201,1,1,1,1,1,1,1,20260201,20261212
4402_20251214,1,1,1,1,1,1,0,20251214,20261212
4403_20251214,1,1,1,1,1,0,0,20251214,20261212
4404_20260102,1,1,1,1,1,1,1,20260102,20261212
4405_20251214,1,1,1,1,1,1,0,20251214,20261212
4406_20251214,1,1,1,1,1,1,0,20251214,20261212
4407_20260102,1,1,1,1,1,1,1,20260102,20261212
4408_20251214,1,1,1,1,1,1,1,20251214,20261212
4409_20251214,1,1,1,1,1,0,0,20251214,20261212
4410_20251214,1,1,1,1,1,1,1,20251214,20261212
4411_20251214,1,1,1,1,1,1,1,20251214,20261212
4412_20251214,1,1,1,1,1,0,0,20251214,20261212
4413_20251214,1,1,1,1,1,0,0,20251214,20261212
4414_20251214,1,1,1,1,1,1,1,20251214,20261212
4415_20251214,1,1,1,1,1,0,0,20251214,20261212
4416_20251214,1,1,1,1,1,1,0,20251214,20261212
4417_20251214,1,1,1,1,1,1,1,20251214,20261212
4418_20260102,1,1,1,1,1,1,1,20260102,20261212
4419_20251214,1,1,1,1,1,0,0,20251214,20261212
4420_20251214,1,1,1,1,1,1,1,20251214,20261212
4421_20251214,1,1,1,1,1,1,1,20251214,20261212
4422_20251214,1,1,1,1,1,1,1,20251214,20261212
4423_20251214,1,1,1,1,1,0,0,20251214,20261212
4424_20251214,1,1,1,1,1,0,0,20251214,20261212
4425_20251214,1,1,1,1,1,1,1,20251214,20261212
4426_20251214,1,1,1,1,1,1,1,20251214,20261212
4427_20251214,1,1,1,1,1,1,1,20251214,20261212
4428_20251214,1,1,1,1,1,1,1,20251214,20261212
4429_20251214,1,1,1,1,1,1,1,20251214,20261212
4430_20251214,1,1,1,1,1,1,1,20251214,20261212
4431_20251214,1,1,1,1,1,1,1,20251214,20261212
4432_20251214,1,1,1,1,1,1,1,20251214,20261212
4433_20260101,1,1,1,1,1,1,1,20260101,20261212
4434_20251214,1,1,1,1,1,0,0,20251214,20261212
4435_20260101,1,1,1,1,1,0,0,20260101,20261212
4436_20251214,1,1,1,1,1,1,1,20251214,20261212
4437_20260228,1,1,1,1,1,1,1,20260228,20261212
4438_20260101,1,1,1,1,1,0,0,20260101,20261212
4440_20260131,1,1,1,1,1,1,1,20260131,20261212
4500_20251214,1,1,1,1,1,0,0,20251214,20261212
4501_20251214,1,1,1,1,1,0,0,20251214,20261212
4502_20251214,1,1,1,1,1,1,0,20251214,20261212
4503_20251214,1,1,1,1,1,0,0,20251214,20261212
4504_20251214,1,1,1,1,1,0,0,20251214,20261212
4505_20260102,1,1,1,1,1,1,1,20260102,20261212
4506_20251214,1,1,1,1,1,1,1,20251214,20261212
4507_20260102,1,1,1,1,1,1,1,20260102,20261212
4508_20251214,1,1,1,1,1,1,1,20251214,20261212
4509_20251214,1,1,1,1,1,0,0,20251214,20261212
4510_20251214,1,1,1,1,1,1,1,20251214,20261212
4511_20251214,1,1,1,1,1,1,1,20251214,20261212
4512_20251214,1,1,1,1,1,1,1,20251214,20261212
4513_20251214,1,1,1,1,1,1,1,20251214,20261212
4514_20251214,1,1,1,1,1,0,0,20251214,20261212
4515_20251214,1,1,1,1,1,1,1,20251214,20261212
4516_20251214,1,1,1,1,1,1,1,20251214,20261212
4517_20251214,1,1,1,1,1,1,1,20251214,20261212
4518_20251214,1,1,1,1,1,1,1,20251214,20261212
4519_20251214,1,1,1,1,1,1,1,20251214,20261212
4520_20251214,1,1,1,1,1,0,1,20251214,20261212
4521_20251214,1,1,1,1,1,0,0,20251214,20261212
4523_20251214,1,1,1,1,1,1,1,20251214,20261212
4601_20251214,1,1,1,1,1,0,0,20251214,20261212
4603_20260102,1,1,1,1,1,1,1,20260102,20261212
4605_20251214,1,1,1,1,1,1,0,20251214,20261212
4607_20251214,1,1,1,1,1,0,0,20251214,20261212
4609_20251214,1,1,1,1,1,0,0,20251214,20261212
4611_20251214,1,1,1,1,1,1,1,20251214,20261212
4613_20251214,1,1,1,1,1,0,0,20251214,20261212
4615_20251214,1,1,1,1,1,0,0,20251214,20261212
4617_20251214,1,1,1,1,1,1,1,20251214,20261212
4619_20251214,1,1,1,1,1,1,1,20251214,20261212
4621_20251214,1,1,1,1,1,0,0,20251214,20261212
4623_20251214,1,1,1,1,1,1,1,20251214,20261212
4625_20251214,1,1,1,1,1,0,0,20251214,20261212
4627_20251214,1,1,1,1,1,1,1,20251214,20261212
4629_20251214,1,1,1,1,1,1,1,20251214,20261212
4631_20251214,1,1,1,1,1,0,0,20251214,20261212
4633_20260101,1,1,1,1,1,1,1,20260101,20261212
4635_20251214,1,1,1,1,1,1,1,20251214,20261212
4650_20251214,1,1,1,1,1,1,0,20251214,20261212
4652_20260102,1,1,1,1,1,1,1,20260102,20261212
4654_20251214,1,1,1,1,1,0,0,20251214,20261212
4656_20251214,1,1,1,1,1,1,1,20251214,20261212
4658_20251214,1,1,1,1,1,0,0,20251214,20261212
4660_20251214,1,1,1,1,1,1,1,20251214,20261212
4662_20251214,1,1,1,1,1,0,0,20251214,20261212
4664_20251214,1,1,1,1,1,1,1,20251214,20261212
4666_20251214,1,1,1,1,1,0,0,20251214,20261212
4668_20251214,1,1,1,1,1,1,1,20251214,20261212
4670_20251214,1,1,1,1,1,0,0,20251214,20261212
4672_20251214,1,1,1,1,1,1,1,20251214,20261212
4674_20251214,1,1,1,1,1,0,0,20251214,20261212
4676_20251214,1,1,1,1,1,1,1,20251214,20261212
4678_20251214,1,1,1,1,1,0,0,20251214,20261212
4680_20251214,1,1,1,1,1,1,1,20251214,20261212
4682_20251214,1,1,1,1,1,0,0,20251214,20261212
4684_20260101,1,1,1,1,1,1,1,20260101,20261212
4801_20251214,1,1,1,1,1,0,0,20251214,20261212
4802_20251214,1,1,1,1,1,0,0,20251214,20261212
5100_20251214,1,1,1,1,1,0,0,20251214,20261212
5101_20251214,1,1,1,1,1,0,0,20251214,20261212
5102_20251214,1,1,1,1,1,0,0,20251214,20261212
5103_20251214,1,1,1,1,1,0,0,20251214,20261212
5104_20251214,1,1,1,1,1,1,0,20251214,20261212
5105_20251214,1,1,1,1,1,1,0,20251214,20261212
5106_20251214,1,1,1,1,1,0,0,20251214,20261212
5107_20251214,1,1,1,1,1,1,1,20251214,20261212
5108_20251214,1,1,1,1,1,0,0,20251214,20261212
5109_20251214,1,1,1,1,1,1,1,20251214,20261212
5110_20251214,1,1,1,1,1,1,1,20251214,20261212
5111_20260102,1,1,1,1,1,1,1,20260102,20261212
5112_20260102,1,1,1,1,1,1,1,20260102,20261212
5113_20251214,1,1,1,1,1,1,1,20251214,20261212
5114_20251214,1,1,1,1,1,1,1,20251214,20261212
5115_20251214,1,1,1,1,1,1,1,20251214,20261212
5116_20251214,1,1,1,1,1,1,1,20251214,20261212
5117_20251214,1,1,1,1,1,1,1,20251214,20261212
5118_20251214,1,1,1,1,1,1,1,20251214,20261212
5119_20260101,1,1,1,1,1,1,1,20260101,20261212
5120_20260101,1,1,1,1,1,1,1,20260101,20261212
5121_20260101,1,1,1,1,1,1,1,20260101,20261212
5122_20251214,1,1,1,1,1,1,1,20251214,20261212
5200_20260102,1,1,1,1,1,1,0,20260102,20261212
5201_20260102,1,1,1,1,1,1,0,20260102,20261212
5202_20260102,1,1,1,1,1,1,1,20260102,20261212
5203_20260102,1,1,1,1,1,1,1,20260102,20261212
5204_20251214,1,1,1,1,1,1,1,20251214,20261212
5205_20251214,1,1,1,1,1,1,1,20251214,20261212
5206_20251214,1,1,1,1,1,1,1,20251214,20261212
5207_20260102,1,1,1,1,1,1,1,20260102,20261212
5208_20260102,1,1,1,1,1,1,1,20260102,20261212
5209_20251214,1,1,1,1,1,1,1,20251214,20261212
5210_20251214,1,1,1,1,1,1,1,20251214,20261212
5211_20251214,1,1,1,1,1,1,1,20251214,20261212
5212_20251214,1,1,1,1,1,1,1,20251214,20261212
5213_20251214,1,1,1,1,1,1,1,20251214,20261212
5214_20260101,1,1,1,1,1,1,1,20260101,20261212
5215_20260101,1,1,1,1,1,1,1,20260101,20261212
5400_20251214,1,1,1,1,1,1,0,20251214,20261212
5401_20251214,1,1,1,1,1,1,1,20251214,20261212
5402_20251214,1,1,1,1,1,1,1,20251214,20261212
5403_20251214,1,1,1,1,1,0,1,20251214,20261212
5404_20251214,1,1,1,1,1,1,1,20251214,20261212
5405_20251214,1,1,1,1,1,1,1,20251214,20261212
5410_20251214,1,0,0,0,0,0,1,20251214,20261212
5420_20251214,1,1,1,1,1,1,0,20251214,20261212
5421_20260102,1,1,1,1,1,1,1,20260102,20261212
5422_20260102,1,1,1,1,0,1,1,20260102,20261212
5423_20260101,1,1,1,1,1,1,1,20260101,20261212
5424_20260101,1,1,1,1,1,1,1,20260101,20261212
5600_20260316,1,1,1,1,1,1,0,20260316,20261212
5601_20260316,1,1,1,1,1,1,1,20260316,20261212
5620_20260316,1,1,1,1,1,1,1,20260316,20261212
5621_20260316,1,1,1,1,1,1,1,20260316,20261212
5622_20260316,1,1,1,1,1,1,1,20260316,20261212
5623_20260316,1,1,1,1,1,1,1,20260316,20261212
5624_20260316,1,1,1,1,1,1,1,20260316,20261212
5625_20260316,1,1,1,1,1,1,1,20260316,20261212
5650_20251214,1,1,1,1,1,0,0,20251214,20261212
5653_20260101,1,1,1,1,1,1,1,20260101,20261212
5671_20260102,1,1,1,1,1,1,1,20260102,20261212
5672_20260102,1,1,1,1,1,1,1,20260102,20261212
5674_20251214,1,1,1,1,1,1,1,20251214,20261212
5675_20251214,1,1,1,1,1,1,1,20251214,20261212
5676_20260101,1,1,1,1,1,1,1,20260101,20261212
5677_20260101,1,1,1,1,1,1,1,20260101,20261212
5682_20251214,1,1,1,1,1,1,1,20251214,20261212
5683_20260102,1,1,1,1,1,1,1,20260102,20261212
5684_20260101,1,1,1,1,1,1,1,20260101,20261212
5685_20251214,1,1,1,1,1,1,1,20251214,20261212
5700_20260102,1,1,1,1,1,1,1,20260102,20261212
5701_20260102,1,1,1,1,1,1,1,20260102,20261212
5702_20260102,1,1,1,1,1,1,1,20260102,20261212
5703_20251214,1,1,1,1,1,0,0,20251214,20261212
5704_20251215,1,1,1,1,1,1,1,20251215,20261212
5705_20251214,1,1,1,1,1,1,1,20251214,20261212
5706_20251214,1,1,1,1,1,1,1,20251214,20261212
5707_20251214,1,1,1,1,1,1,1,20251214,20261212
5708_20251214,1,1,1,1,1,1,1,20251214,20261212
5709_20251214,1,1,1,1,1,0,0,20251214,20261212
5710_20251214,1,1,1,1,1,1,1,20251214,20261212
5711_20251214,1,1,1,1,1,1,1,20251214,20261212
5712_20251214,1,1,1,1,1,1,1,20251214,20261212
5713_20251214,1,1,1,1,1,1,1,20251214,20261212
5714_20251214,1,1,1,1,1,0,0,20251214,20261212
5715_20251214,1,1,1,1,1,1,1,20251214,20261212
5716_20251214,1,1,1,1,1,1,1,20251214,20261212
5717_20251214,1,1,1,1,1,1,1,20251214,20261212
5718_20251214,1,1,1,1,1,1,1,20251214,20261212
5719_20251214,1,1,1,1,1,0,0,20251214,20261212
5720_20251214,1,1,1,1,1,0,0,20251214,20261212
5721_20251214,1,1,1,1,1,1,1,20251214,20261212
5722_20260101,1,1,1,1,1,1,1,20260101,20261212
5723_20251214,1,1,1,1,1,1,1,20251214,20261212
5725_20260101,1,1,1,1,1,1,1,20260101,20261212
5800_20251214,1,1,1,1,1,0,0,20251214,20261212
5801_20251214,1,1,1,1,1,0,0,20251214,20261212
5900_20251214,1,1,1,1,1,1,0,20251214,20261212
5901_20260102,1,1,1,1,1,1,1,20260102,20261212
5902_20260102,1,1,1,1,1,1,1,20260102,20261212
5903_20251214,1,1,1,1,1,1,0,20251214,20261212
5904_20251214,1,1,1,1,1,1,1,20251214,20261212
5905_20251215,1,1,1,1,1,1,1,20251215,20261212
5906_20251214,1,1,1,1,1,1,1,20251214,20261212
5907_20251214,1,1,1,1,1,1,1,20251214,20261212
5908_20251214,1,1,1,1,1,1,1,20251214,20261212
5909_20251214,1,1,1,1,1,1,1,20251214,20261212
5910_20251214,1,1,1,1,1,1,1,20251214,20261212
5911_20251214,1,1,1,1,1,1,1,20251214,20261212
5912_20251214,1,1,1,1,1,0,0,20251214,20261212
5913_20251214,1,1,1,1,1,1,1,20251214,20261212
5914_20251214,1,1,1,1,1,1,1,20251214,20261212
5915_20251214,1,1,1,1,1,0,0,20251214,20261212
5916_20260101,1,1,1,1,1,1,1,20260101,20261212
5917_20260101,1,1,1,1,1,1,1,20260101,20261212
6450_20260322,1,1,1,1,1,1,1,20260322,20261212
6451_20260322,1,1,1,1,1,1,1,20260322,20261212
6455_20260322,1,1,1,1,1,1,1,20260322,20261212
6459_20260322,1,1,1,1,1,1,1,20260322,20261212
10540_20260316,1,1,1,1,1,1,1,20260316,20261212
10541_20260316,1,1,1,1,1,1,1,20260316,20261212
10542_20260316,1,1,1,1,1,1,1,20260316,20261212
10543_20260316,1,1,1,1,1,1,1,20260316,20261212
10544_20260316,1,1,1,1,1,1,1,20260316,20261212
10545_20260316,1,1,1,1,1,1,1,20260316,20261212
11540_20260316,1,1,1,1,1,1,1,20260316,20261212
11541_20260316,1,1,1,1,1,1,1,20260316,20261212
11542_20260316,1,1,1,1,1,1,1,20260316,20261212
11543_20260316,1,1,1,1,1,1,1,20260316,20261212
11544_20260316,1,1,1,1,1,1,1,20260316,20261212
11545_20260316,1,1,1,1,1,1,1,20260316,20261212
15150_20251214,1,1,1,1,1,0,0,20251214,20261212
15151_20251214,1,1,1,1,1,0,0,20251214,20261212
15152_20251226,1,1,1,1,1,1,1,20251226,20261212
15153_20251226,1,1,1,1,1,1,1,20251226,20261212
15154_20251214,1,1,1,1,1,0,0,20251214,20261212
15155_20251214,1,1,1,1,1,1,1,20251214,20261212
15156_20251214,1,1,1,1,1,0,0,20251214,20261212
15157_20251214,1,1,1,1,1,0,0,20251214,20261212
15158_20251214,1,1,1,1,1,0,0,20251214,20261212
15159_20251214,1,1,1,1,1,1,1,20251214,20261212
15160_20251214,1,1,1,1,1,1,1,20251214,20261212
15161_20251214,1,1,1,1,1,0,0,20251214,20261212
15162_20251214,1,1,1,1,1,1,1,20251214,20261212
15163_20251214,1,1,1,1,1,1,1,20251214,20261212
15164_20251214,1,1,1,1,1,1,1,20251214,20261212
15165_20251214,1,1,1,1,1,1,1,20251214,20261212
15166_20251214,1,1,1,1,1,0,0,20251214,20261212
15167_20251214,1,1,1,1,1,1,1,20251214,20261212
15168_20251214,1,1,1,1,1,1,1,20251214,20261212
15169_20251214,1,1,1,1,1,0,0,20251214,20261212
15170_20251214,1,1,1,1,1,1,1,20251214,20261212
15171_20251214,1,1,1,1,1,1,1,20251214,20261212
15172_20251214,1,1,1,1,1,0,0,20251214,20261212
15173_20251225,1,1,1,1,1,0,0,20251225,20261212
15174_20251214,1,1,1,1,1,1,1,20251214,20261212
15175_20251214,1,1,1,1,1,0,0,20251214,20261212
15176_20251214,1,1,1,1,1,0,0,20251214,20261212
15177_20251225,1,1,1,1,1,1,1,20251225,20261212
15178_20251225,1,1,1,1,1,0,0,20251225,20261212
15179_20251214,1,1,1,1,1,1,1,20251214,20261212
15180_20251214,1,1,1,1,1,1,1,20251214,20261212
15181_20251225,1,1,1,1,1,0,0,20251225,20261212
15182_20251225,1,1,1,1,1,0,0,20251225,20261212
15183_20260101,1,1,1,1,1,1,1,20260101,20261212
15184_20251225,1,1,1,1,1,1,1,20251225,20261212
15186_20260101,1,1,1,1,1,1,1,20260101,20261212
15200_20251226,1,1,1,1,1,1,1,20251226,20261212
15201_20251226,1,1,1,1,1,1,1,20251226,20261212
15202_20251214,1,1,1,1,1,1,0,20251214,20261212
15203_20251214,1,1,1,1,1,0,0,20251214,20261212
15204_20251214,1,1,1,1,1,0,0,20251214,20261212
15205_20251226,1,1,1,1,1,1,1,20251226,20261212
15206_20251226,1,1,1,1,1,1,1,20251226,20261212
15207_20251214,1,1,1,1,1,0,0,20251214,20261212
15208_20251214,1,1,1,1,1,0,0,20251214,20261212
15209_20251226,1,1,1,1,1,1,1,20251226,20261212
15210_20260102,1,1,1,1,1,1,1,20260102,20261212
15211_20251214,1,1,1,1,1,0,0,20251214,20261212
15212_20251214,1,1,1,1,1,0,0,20251214,20261212
15213_20251214,1,1,1,1,1,1,1,20251214,20261212
15214_20251214,1,1,1,1,1,1,1,20251214,20261212
15215_20251214,1,1,1,1,1,1,1,20251214,20261212
15217_20251214,1,1,1,1,1,1,1,20251214,20261212
15218_20251214,1,1,1,1,1,1,1,20251214,20261212
15219_20251214,1,1,1,1,1,1,1,20251214,20261212
15220_20251214,1,1,1,1,1,1,1,20251214,20261212
15221_20251214,1,1,1,1,1,0,0,20251214,20261212
15222_20251214,1,1,1,1,1,1,1,20251214,20261212
15223_20251214,1,1,1,1,1,1,1,20251214,20261212
15224_20251214,1,1,1,1,1,1,1,20251214,20261212
15225_20251214,1,1,1,1,1,1,1,20251214,20261212
15226_20251214,1,1,1,1,1,1,1,20251214,20261212
15227_20251214,1,1,1,1,1,1,1,20251214,20261212
15228_20251214,1,1,1,1,1,0,0,20251214,20261212
15229_20251214,1,1,1,1,1,1,1,20251214,20261212
15230_20251214,1,1,1,1,1,1,1,20251214,20261212
15231_20251214,1,1,1,1,1,0,0,20251214,20261212
15232_20251214,1,1,1,1,1,1,1,20251214,20261212
15233_20251214,1,1,1,1,1,1,1,20251214,20261212
15234_20251214,1,1,1,1,1,1,1,20251214,20261212
15235_20251214,1,1,1,1,1,0,0,20251214,20261212
15236_20251214,1,1,1,1,1,1,1,20251214,20261212
15237_20251214,1,1,1,1,1,1,1,20251214,20261212
15238_20251225,1,1,1,1,1,0,0,20251225,20261212
15239_20251225,1,1,1,1,1,0,0,20251225,20261212
15240_20251214,1,1,1,1,1,1,1,20251214,20261212
15241_20251214,1,1,1,1,1,1,1,20251214,20261212
15242_20251225,1,1,1,1,1,0,0,20251225,20261212
15243_20251214,1,1,1,1,1,1,1,20251214,20261212
15244_20251214,1,1,1,1,1,1,1,20251214,20261212
15245_20251225,1,1,1,1,1,1,1,20251225,20261212
15246_20251225,1,1,1,1,1,1,1,20251225,20261212
15247_20251225,1,1,1,1,1,1,1,20251225,20261212
15248_20251225,1,1,1,1,1,1,1,20251225,20261212
15249_20251225,1,1,1,1,1,0,0,20251225,20261212
15250_20251214,1,1,1,1,1,1,1,20251214,20261212
15251_20260101,1,1,1,1,1,1,1,20260101,20261212
15252_20251225,1,1,1,1,1,0,0,20251225,20261212
15254_20260101,1,1,1,1,1,1,1,20260101,20261212
15270_20260102,1,1,1,1,1,1,1,20260102,20261212
15271_20251214,1,1,1,1,1,0,0,20251214,20261212
15272_20260101,1,1,1,1,1,1,1,20260101,20261212
15273_20260102,1,1,1,1,1,1,1,20260102,20261212
15275_20260125,1,1,1,1,1,1,1,20260125,20261212
15400_20260102,1,1,1,1,1,1,1,20260102,20261212
15401_20251214,1,1,1,1,1,0,0,20251214,20261212
15402_20260102,1,1,1,1,1,1,1,20260102,20261212
15403_20251214,1,1,1,1,1,0,0,20251214,20261212
15404_20251214,1,1,1,1,1,0,0,20251214,20261212
15405_20251214,1,1,1,1,1,0,0,20251214,20261212
15406_20251226,1,1,1,1,1,1,1,20251226,20261212
15407_20251214,1,1,1,1,1,0,0,20251214,20261212
15408_20251214,1,1,1,1,1,0,0,20251214,20261212
15409_20251214,1,1,1,1,1,0,0,20251214,20261212
15410_20251214,1,1,1,1,1,0,0,20251214,20261212
15411_20251214,1,1,1,1,1,0,0,20251214,20261212
15412_20251214,1,1,1,1,1,0,0,20251214,20261212
15413_20251214,1,1,1,1,1,0,0,20251214,20261212
15414_20251214,1,1,1,1,1,0,0,20251214,20261212
15415_20251214,1,1,1,1,1,0,0,20251214,20261212
15416_20251214,1,1,1,1,1,0,0,20251214,20261212
15417_20251214,1,1,1,1,1,0,0,20251214,20261212
15418_20251214,1,1,1,1,1,0,0,20251214,20261212
15419_20251214,1,1,1,1,1,0,0,20251214,20261212
15420_20251214,1,1,1,1,1,0,0,20251214,20261212
15421_20251225,1,1,1,1,1,0,0,20251225,20261212
15422_20251214,1,1,1,1,1,0,0,20251214,20261212
15423_20251214,1,1,1,1,1,1,1,20251214,20261212
15424_20251214,1,1,1,1,1,0,0,20251214,20261212
15425_20251225,1,1,1,1,1,0,0,20251225,20261212
15426_20251225,1,1,1,1,1,1,1,20251225,20261212
15427_20260101,1,1,1,1,1,0,0,20260101,20261212
15428_20251214,1,1,1,1,1,0,0,20251214,20261212
15429_20251214,1,1,1,1,1,1,1,20251214,20261212
15431_20260101,1,1,1,1,1,0,0,20260101,20261212
15433_20251225,1,1,1,1,1,0,0,20251225,20261212
15500_20251226,1,1,1,1,1,1,1,20251226,20261212
15501_20260206,1,1,1,1,1,1,1,20260206,20261212
15502_20251214,1,1,1,1,1,0,0,20251214,20261212
15503_20260402,1,1,1,1,1,1,1,20260402,20261212
15504_20251214,1,1,1,1,1,0,0,20251214,20261212
15505_20260402,1,1,1,1,1,1,0,20260402,20261212
15506_20251214,1,1,1,1,1,1,0,20251214,20261212
15507_20251214,1,1,1,1,1,0,0,20251214,20261212
15508_20251214,1,1,1,1,1,0,0,20251214,20261212
15509_20251226,1,1,1,1,1,1,1,20251226,20261212
15510_20251226,1,1,1,1,1,1,1,20251226,20261212
15511_20260402,1,1,1,1,1,0,0,20260402,20261212
15512_20251214,1,1,1,1,1,0,0,20251214,20261212
15513_20260402,1,1,1,1,1,1,1,20260402,20261212
15514_20260402,1,1,1,1,1,1,1,20260402,20261212
15515_20251214,1,1,1,1,1,1,1,20251214,20261212
15516_20251214,1,1,1,1,1,1,1,20251214,20261212
15517_20260402,1,1,1,1,1,0,0,20260402,20261212
15518_20251214,1,1,1,1,1,0,0,20251214,20261212
15519_20260402,1,1,1,1,1,1,1,20260402,20261212
15520_20260402,1,1,1,1,1,1,1,20260402,20261212
15521_20260402,1,1,1,1,1,1,1,20260402,20261212
15522_20260419,1,1,1,1,1,1,1,20260419,20261212
15523_20260402,1,1,1,1,1,0,0,20260402,20261212
15524_20251214,1,1,1,1,1,0,0,20251214,20261212
15525_20260402,1,1,1,1,1,1,1,20260402,20261212
15526_20260402,1,1,1,1,1,1,1,20260402,20261212
15527_20251214,1,1,1,1,1,1,1,20251214,20261212
15528_20251214,1,1,1,1,1,1,1,20251214,20261212
15529_20260402,1,1,1,1,1,0,0,20260402,20261212
15530_20251214,1,1,1,1,1,0,0,20251214,20261212
15531_20260402,1,1,1,1,1,1,1,20260402,20261212
15532_20260402,1,1,1,1,1,1,1,20260402,20261212
15533_20260419,1,1,1,1,1,1,1,20260419,20261212
15534_20251214,1,1,1,1,1,1,1,20251214,20261212
15535_20251214,1,1,1,1,1,0,0,20251214,20261212
15536_20251214,1,1,1,1,1,0,0,20251214,20261212
15537_20251214,1,1,1,1,1,1,1,20251214,20261212
15538_20251214,1,1,1,1,1,1,1,20251214,20261212
15539_20251214,1,1,1,1,1,1,1,20251214,20261212
15540_20251214,1,1,1,1,1,1,1,20251214,20261212
15541_20251214,1,1,1,1,1,0,0,20251214,20261212
15542_20251214,1,1,1,1,1,0,0,20251214,20261212
15543_20260402,1,1,1,1,1,1,1,20260402,20261212
15544_20260402,1,1,1,1,1,1,1,20260402,20261212
15545_20251214,1,1,1,1,1,0,0,20251214,20261212
15546_20251225,1,1,1,1,1,1,1,20251225,20261212
15547_20251214,1,1,1,1,1,1,1,20251214,20261212
15548_20260402,1,1,1,1,1,1,1,20260402,20261212
15549_20251225,1,1,1,1,1,1,1,20251225,20261212
15550_20251225,1,1,1,1,1,1,1,20251225,20261212
15551_20251225,1,1,1,1,1,1,1,20251225,20261212
15552_20251225,1,1,1,1,1,1,1,20251225,20261212
15553_20260205,1,1,1,1,1,1,1,20260205,20261212
15601_20260420,1,1,1,1,1,0,0,20260420,20260424
15601_20260426,0,0,0,0,0,0,1,20260426,20260426
15601_20260427,1,1,1,1,1,0,0,20260427,20260501
15601_20260503,1,1,1,1,1,0,1,20260503,20260508
15601_20260510,0,0,0,0,0,0,1,20260510,20260510
15601_20260511,1,1,1,1,1,0,0,20260511,20260515
15601_20260517,0,0,0,0,0,0,1,20260517,20260517
15601_20260518,1,1,1,1,1,1,1,20260518,20261212
15605_20260420,0,0,0,0,0,1,0,20260420,20260425
15605_20260426,0,0,0,0,0,0,1,20260426,20260426
15605_20260427,0,0,0,0,1,1,1,20260427,20260509
15605_20260510,0,0,0,0,0,0,1,20260510,20260510
15605_20260511,0,0,0,0,0,1,0,20260511,20260516
15605_20260517,0,0,0,0,0,0,1,20260517,20260517
15605_20260518,1,1,1,1,0,1,1,20260518,20261212
15607_20251214,1,1,1,1,1,0,0,20251214,20261212
15609_20260420,1,1,1,1,1,1,0,20260420,20260425
15609_20260426,0,0,0,0,0,0,1,20260426,20260426
15609_20260427,1,1,1,1,1,1,1,20260427,20260509
15609_20260510,0,0,0,0,0,0,1,20260510,20260510
15609_20260511,1,1,1,1,1,1,0,20260511,20260516
15609_20260517,0,0,0,0,0,0,1,20260517,20260517
15609_20260518,1,1,1,1,1,1,1,20260518,20261212
15611_20251214,1,1,1,1,1,1,0,20251214,20261212
15613_20251214,1,1,1,1,1,1,1,20251214,20261212
15615_20251214,1,1,1,1,1,0,0,20251214,20261212
15617_20251214,1,1,1,1,1,1,1,20251214,20261212
15621_20251214,1,1,1,1,1,1,1,20251214,20261212
15623_20251214,1,1,1,1,1,1,1,20251214,20261212
15625_20251214,1,1,1,1,1,1,1,20251214,20261212
15627_20251214,1,1,1,1,1,0,0,20251214,20261212
15629_20251214,1,1,1,1,1,1,1,20251214,20261212
15631_20251214,1,1,1,1,1,0,0,20251214,20261212
15633_20251214,1,1,1,1,1,1,1,20251214,20261212
15635_20251214,1,1,1,1,1,1,1,20251214,20261212
15637_20251214,1,1,1,1,1,1,1,20251214,20261212
15639_20251214,1,1,1,1,1,0,0,20251214,20261212
15641_20251214,1,1,1,1,1,1,1,20251214,20261212
15643_20251225,1,1,1,1,1,0,0,20251225,20261212
15645_20251225,1,1,1,1,1,1,1,20251225,20261212
15647_20251214,1,1,1,1,1,0,0,20251214,20261212
15649_20251214,1,1,1,1,1,1,1,20251214,20261212
15651_20251225,1,1,1,1,1,0,0,20251225,20261212
15653_20251225,1,1,1,1,1,1,1,20251225,20261212
15655_20260419,1,1,1,1,1,0,1,20260419,20260424
15655_20260425,0,0,0,0,0,1,0,20260425,20260425
15655_20260426,1,1,1,1,1,1,1,20260426,20260508
15655_20260509,0,0,0,0,0,1,0,20260509,20260509
15655_20260510,1,1,1,1,1,0,1,20260510,20260515
15655_20260516,0,0,0,0,0,1,0,20260516,20260516
15655_20260517,1,1,1,1,1,1,1,20260517,20261212
15657_20260419,1,1,1,1,1,0,1,20260419,20260424
15657_20260425,0,0,0,0,0,1,0,20260425,20260425
15657_20260426,0,0,0,0,0,0,1,20260426,20260426
15657_20260501,0,0,0,0,1,1,1,20260501,20260503
15657_20260508,0,0,0,0,1,0,0,20260508,20260508
15657_20260509,0,0,0,0,0,1,0,20260509,20260509
15657_20260510,0,0,0,0,0,0,1,20260510,20260510
15657_20260515,0,0,0,0,1,0,0,20260515,20260515
15657_20260516,0,0,0,0,0,1,0,20260516,20260516
15657_20260517,1,1,1,1,1,1,1,20260517,20261212
15659_20260419,1,1,1,1,0,0,1,20260419,20260423
15659_20260424,0,0,0,0,1,1,0,20260424,20260425
15659_20260426,0,0,0,0,0,0,1,20260426,20260426
15659_20260501,0,0,0,0,1,0,0,20260501,20260501
15659_20260502,0,0,0,0,0,1,1,20260502,20260503
15659_20260508,0,0,0,0,1,1,0,20260508,20260509
15659_20260510,0,0,0,0,0,0,1,20260510,20260510
15659_20260515,0,0,0,0,1,1,0,20260515,20260516
15659_20260517,1,1,1,1,1,1,1,20260517,20261212
15700_20260503,0,0,0,0,0,0,1,20260503,20260503
15700_20260518,0,0,0,0,0,0,1,20260518,20261212
15702_20260421,0,1,1,1,1,0,0,20260421,20260424
15702_20260428,0,1,1,1,0,0,0,20260428,20260430
15702_20260505,0,1,1,1,1,0,0,20260505,20260508
15702_20260512,0,1,1,1,1,0,0,20260512,20260515
15702_20260519,0,1,1,1,1,0,0,20260519,20260522
15702_20260526,0,1,1,1,1,0,0,20260526,20260529
15702_20260602,0,1,1,0,1,0,0,20260602,20260607
15702_20260609,0,1,0,1,1,0,0,20260609,20260614
15702_20260616,0,1,1,1,1,0,0,20260616,20260621
15702_20260623,0,1,1,1,1,0,0,20260623,20260628
15702_20260630,0,1,1,1,1,0,0,20260630,20260705
15702_20260707,0,1,1,1,1,0,0,20260707,20260712
15702_20260714,0,1,1,1,1,0,0,20260714,20260717
15703_20260425,1,0,0,0,0,0,0,20260425,20260427
15703_20260501,1,0,0,0,0,0,0,20260501,20260504
15703_20260509,1,0,0,0,0,0,0,20260509,20260511
15703_20260516,1,0,0,0,0,0,0,20260516,20260518
15703_20260523,1,0,0,0,0,0,0,20260523,20260525
15703_20260530,1,0,0,0,0,0,0,20260530,20260601
15703_20260608,1,0,0,0,0,0,0,20260608,20260608
15703_20260615,1,0,0,0,0,0,0,20260615,20260615
15703_20260622,1,0,0,0,0,0,0,20260622,20260622
15703_20260629,1,0,0,0,0,0,0,20260629,20260629
15703_20260706,1,0,0,0,0,0,0,20260706,20260706
15703_20260713,1,0,0,0,0,0,0,20260713,20260713
15703_20260718,1,1,1,1,1,0,0,20260718,20261212
15704_20260426,0,0,0,0,0,0,1,20260426,20260426
15704_20260510,0,0,0,0,0,0,1,20260510,20260510
15704_20260517,0,0,0,0,0,0,1,20260517,20260517
15705_20260420,0,0,0,0,0,1,0,20260420,20260425
15705_20260427,0,0,0,0,1,1,1,20260427,20260509
15705_20260511,0,0,0,0,0,1,0,20260511,20260516
15705_20260518,1,1,1,1,0,1,1,20260518,20261212
15707_20251214,1,1,1,1,1,0,0,20251214,20261212
15708_20251214,1,1,1,1,1,0,0,20251214,20261212
15710_20260426,0,0,0,0,0,0,1,20260426,20260426
15710_20260510,0,0,0,0,0,0,1,20260510,20260510
15710_20260517,0,0,0,0,0,0,1,20260517,20260517
15711_20260420,1,1,1,1,1,1,0,20260420,20260425
15711_20260427,1,1,1,1,1,1,1,20260427,20260509
15711_20260511,1,1,1,1,1,1,0,20260511,20260516
15711_20260518,1,1,1,1,1,1,1,20260518,20261212
15712_20251214,1,1,1,1,1,0,0,20251214,20261212
15714_20260426,0,0,0,0,0,0,1,20260426,20260426
15714_20260510,0,0,0,0,0,0,1,20260510,20260510
15714_20260517,0,0,0,0,0,0,1,20260517,20260517
15715_20260420,1,1,1,1,1,1,0,20260420,20260425
15715_20260427,1,1,1,1,1,1,1,20260427,20260509
15715_20260511,1,1,1,1,1,1,0,20260511,20260516
15715_20260518,1,1,1,1,1,1,1,20260518,20261212
15716_20251214,1,1,1,1,1,1,0,20251214,20261212
15719_20251214,1,1,1,1,1,1,1,20251214,20261212
15720_20251214,1,1,1,1,1,0,0,20251214,20261212
15723_20251214,1,1,1,1,1,1,1,20251214,20261212
15725_20251214,1,1,1,1,1,1,1,20251214,20261212
15727_20251214,1,1,1,1,1,1,1,20251214,20261212
15728_20251214,1,1,1,1,1,0,0,20251214,20261212
15731_20251214,1,1,1,1,1,1,1,20251214,20261212
15732_20251214,1,1,1,1,1,0,0,20251214,20261212
15735_20251214,1,1,1,1,1,1,1,20251214,20261212
15737_20251214,1,1,1,1,1,1,1,20251214,20261212
15739_20251214,1,1,1,1,1,1,1,20251214,20261212
15740_20251225,1,1,1,1,1,0,0,20251225,20261212
15743_20251214,1,1,1,1,1,1,1,20251214,20261212
15744_20251225,1,1,1,1,1,0,0,20251225,20261212
15747_20251214,1,1,1,1,1,1,1,20251214,20261212
15748_20251225,1,1,1,1,1,0,0,20251225,20261212
15750_20251214,1,1,1,1,1,0,0,20251214,20261212
15752_20251225,1,1,1,1,1,0,0,20251225,20261212
15755_20251214,1,1,1,1,1,1,1,20251214,20261212
15757_20251225,1,1,1,1,1,1,1,20251225,20261212
15759_20260419,1,1,1,1,1,0,1,20260419,20260424
15759_20260426,1,1,1,1,1,1,1,20260426,20260508
15759_20260510,1,1,1,1,1,0,1,20260510,20260515
15759_20260517,1,1,1,1,1,1,1,20260517,20261212
15761_20260419,1,1,1,1,1,0,1,20260419,20260424
15761_20260426,1,1,1,1,1,1,1,20260426,20260508
15761_20260510,1,1,1,1,1,0,1,20260510,20260515
15761_20260517,1,1,1,1,1,1,1,20260517,20261212
15763_20260419,1,1,1,1,0,0,1,20260419,20260423
15763_20260426,1,1,1,1,0,0,1,20260426,20260430
15763_20260501,0,0,0,0,1,0,0,20260501,20260501
15763_20260502,1,1,1,1,0,1,1,20260502,20260507
15763_20260510,1,1,1,1,0,0,1,20260510,20260514
15763_20260517,1,1,1,1,1,1,1,20260517,20261212
15765_20251214,1,1,1,1,1,1,1,20251214,20261212
15841_20251225,1,1,1,1,1,0,0,20251225,20261212
15845_20251225,1,1,1,1,1,0,0,20251225,20261212
15851_20251214,1,1,1,1,1,0,0,20251214,20261212
15852_20260420,1,1,1,1,1,1,0,20260420,20260425
15852_20260426,0,0,0,0,0,0,1,20260426,20260426
15852_20260427,1,1,1,1,1,1,1,20260427,20260509
15852_20260510,0,0,0,0,0,0,1,20260510,20260510
15852_20260511,1,1,1,1,1,1,0,20260511,20260516
15852_20260517,0,0,0,0,0,0,1,20260517,20260517
15852_20260518,1,1,1,1,1,1,1,20260518,20261212
15855_20251214,1,1,1,1,1,0,0,20251214,20261212
15900_20260420,1,1,1,1,1,1,0,20260420,20260425
15900_20260426,0,0,0,0,0,0,1,20260426,20260426
15900_20260427,1,1,1,1,1,1,1,20260427,20260509
15900_20260510,0,0,0,0,0,0,1,20260510,20260510
15900_20260511,1,1,1,1,1,1,0,20260511,20260516
15900_20260517,0,0,0,0,0,0,1,20260517,20260517
15900_20260518,1,1,1,1,1,1,1,20260518,20261212
15901_20251214,1,1,1,1,1,0,0,20251214,20261212
15902_20251214,1,1,1,1,1,0,0,20251214,20261212
15903_20251226,1,1,1,1,1,1,1,20251226,20261212
15904_20251214,1,1,1,1,1,1,1,20251214,20261212
15905_20251214,1,1,1,1,1,0,0,20251214,20261212
15906_20251214,1,1,1,1,1,0,0,20251214,20261212
15907_20260420,1,1,1,1,1,1,0,20260420,20260425
15907_20260426,0,0,0,0,0,0,1,20260426,20260426
15907_20260427,1,1,1,1,1,1,1,20260427,20260509
15907_20260510,0,0,0,0,0,0,1,20260510,20260510
15907_20260511,1,1,1,1,1,1,0,20260511,20260516
15907_20260517,0,0,0,0,0,0,1,20260517,20260517
15907_20260518,1,1,1,1,1,1,1,20260518,20261212
15908_20251214,1,1,1,1,1,1,1,20251214,20261212
15909_20251214,1,1,1,1,1,0,0,20251214,20261212
15910_20251214,1,1,1,1,1,0,0,20251214,20261212
15911_20260420,1,1,1,1,1,1,0,20260420,20260425
15911_20260426,0,0,0,0,0,0,1,20260426,20260426
15911_20260427,1,1,1,1,1,1,1,20260427,20260509
15911_20260510,0,0,0,0,0,0,1,20260510,20260510
15911_20260511,1,1,1,1,1,1,0,20260511,20260516
15911_20260517,0,0,0,0,0,0,1,20260517,20260517
15911_20260518,1,1,1,1,1,1,1,20260518,20261212
15912_20251214,1,1,1,1,1,1,1,20251214,20261212
15913_20251214,1,1,1,1,1,0,0,20251214,20261212
15914_20251214,1,1,1,1,1,0,0,20251214,20261212
15915_20251226,1,1,1,1,1,1,1,20251226,20261212
15916_20251214,1,1,1,1,1,1,1,20251214,20261212
15917_20251214,1,1,1,1,1,0,0,20251214,20261212
15918_20251214,1,1,1,1,1,0,0,20251214,20261212
15919_20251214,1,1,1,1,1,1,1,20251214,20261212
15920_20251214,1,1,1,1,1,1,1,20251214,20261212
15921_20251214,1,1,1,1,1,0,0,20251214,20261212
15922_20251214,1,1,1,1,1,0,0,20251214,20261212
15923_20251214,1,1,1,1,1,1,1,20251214,20261212
15924_20251214,1,1,1,1,1,1,1,20251214,20261212
15925_20251214,1,1,1,1,1,0,0,20251214,20261212
15926_20251214,1,1,1,1,1,0,0,20251214,20261212
15927_20251214,1,1,1,1,1,1,1,20251214,20261212
15928_20251214,1,1,1,1,1,1,1,20251214,20261212
15929_20251214,1,1,1,1,1,0,0,20251214,20261212
15930_20251214,1,1,1,1,1,0,0,20251214,20261212
15931_20251214,1,1,1,1,1,1,1,20251214,20261212
15932_20251214,1,1,1,1,1,1,1,20251214,20261212
15933_20251214,1,1,1,1,1,0,0,20251214,20261212
15934_20251225,1,1,1,1,1,0,0,20251225,20261212
15935_20251214,1,1,1,1,1,1,1,20251214,20261212
15936_20251214,1,1,1,1,1,1,1,20251214,20261212
15937_20251214,1,1,1,1,1,0,0,20251214,20261212
15938_20251225,1,1,1,1,1,0,0,20251225,20261212
15939_20251214,1,1,1,1,1,1,1,20251214,20261212
15940_20251214,1,1,1,1,1,1,1,20251214,20261212
15941_20251214,1,1,1,1,1,0,0,20251214,20261212
15942_20251225,1,1,1,1,1,0,0,20251225,20261212
15943_20251214,1,1,1,1,1,1,1,20251214,20261212
15944_20251214,1,1,1,1,1,1,1,20251214,20261212
15945_20251214,1,1,1,1,1,0,0,20251214,20261212
15946_20251225,1,1,1,1,1,0,0,20251225,20261212
15947_20251214,1,1,1,1,1,1,1,20251214,20261212
15948_20251214,1,1,1,1,1,1,1,20251214,20261212
15949_20251225,1,1,1,1,1,0,0,20251225,20261212
15950_20251225,1,1,1,1,1,0,0,20251225,20261212
15951_20251214,1,1,1,1,1,1,1,20251214,20261212
15952_20251225,1,1,1,1,1,1,1,20251225,20261212
15953_20251225,1,1,1,1,1,0,0,20251225,20261212
15954_20251225,1,1,1,1,1,1,1,20251225,20261212
15955_20251214,1,1,1,1,1,1,1,20251214,20261212
15956_20251225,1,1,1,1,1,1,1,20251225,20261212
15957_20251225,1,1,1,1,1,1,1,20251225,20261212
15958_20260101,1,1,1,1,1,1,1,20260101,20261212
15959_20251225,1,1,1,1,1,1,1,20251225,20261212
15961_20260101,1,1,1,1,1,1,1,20260101,20261212
16000_20251214,0,0,0,0,0,0,1,20251214,20261212
16001_20251214,1,1,1,1,1,1,1,20251214,20261212
16002_20251214,1,1,1,1,1,1,1,20251214,20261212
16003_20251214,1,1,1,1,1,0,0,20251214,20261212
16004_20251214,1,1,1,1,1,1,1,20251214,20261212
16005_20251214,1,1,1,1,1,1,1,20251214,20261212
16006_20251214,1,1,1,1,1,0,0,20251214,20261212
16007_20251214,1,1,1,1,1,0,0,20251214,20261212
16008_20251214,1,1,1,1,1,1,1,20251214,20261212
16009_20251214,1,1,1,1,1,1,1,20251214,20261212
16010_20251214,1,1,1,1,1,0,0,20251214,20261212
16011_20251214,1,1,1,1,1,0,0,20251214,20261212
16012_20251214,1,1,1,1,1,1,1,20251214,20261212
16013_20251214,1,1,1,1,1,1,1,20251214,20261212
16014_20251214,1,1,1,1,1,0,0,20251214,20261212
16015_20251214,1,1,1,1,1,1,1,20251214,20261212
16016_20251214,1,1,1,1,1,1,1,20251214,20261212
16017_20251214,1,1,1,1,1,1,1,20251214,20261212
16018_20251214,1,1,1,1,1,1,1,20251214,20261212
16019_20251214,1,1,1,1,1,1,1,20251214,20261212
16020_20251214,1,1,1,1,1,1,1,20251214,20261212
16021_20251214,1,1,1,1,1,1,1,20251214,20261212
16022_20251214,1,1,1,1,1,1,1,20251214,20261212
16023_20251214,1,1,1,1,1,1,1,20251214,20261212
16024_20251214,1,1,1,1,1,1,1,20251214,20261212
16025_20251214,1,1,1,1,1,1,1,20251214,20261212
16026_20251214,1,1,1,1,1,1,1,20251214,20261212
16027_20251214,1,1,1,1,1,1,1,20251214,20261212
16028_20251214,1,1,1,1,1,1,1,20251214,20261212
16029_20251214,1,1,1,1,1,0,0,20251214,20261212
16030_20251214,1,1,1,1,1,1,1,20251214,20261212
16031_20251214,1,1,1,1,1,1,1,20251214,20261212
16032_20251214,1,1,1,1,1,0,0,20251214,20261212
16033_20251214,1,1,1,1,1,0,0,20251214,20261212
16034_20251214,1,1,1,1,1,1,1,20251214,20261212
16035_20251214,1,1,1,1,1,1,1,20251214,20261212
16036_20251214,1,1,1,1,1,0,0,20251214,20261212
16037_20251214,1,1,1,1,1,0,0,20251214,20261212
16038_20251214,1,1,1,1,1,1,1,20251214,20261212
16039_20251214,1,1,1,1,1,1,1,20251214,20261212
16040_20251214,1,1,1,1,1,0,0,20251214,20261212
16041_20251214,1,1,1,1,1,0,0,20251214,20261212
16042_20251214,1,1,1,1,1,1,1,20251214,20261212
16043_20251214,1,1,1,1,1,1,1,20251214,20261212
16044_20251214,1,1,1,1,1,1,1,20251214,20261212
16045_20251214,1,1,1,1,1,1,1,20251214,20261212
16046_20251214,1,1,1,1,1,1,1,20251214,20261212
16047_20260228,1,1,1,1,1,1,1,20260228,20261212
16048_20260228,1,1,1,1,1,1,1,20260228,20261212
16049_20260411,1,1,1,1,1,1,1,20260411,20261212
16050_20251214,1,1,1,1,1,0,0,20251214,20261212
16400_20251214,1,1,1,1,1,0,0,20251214,20261212
16402_20251214,1,1,1,1,1,0,0,20251214,20261212
16404_20251214,1,1,1,1,1,0,0,20251214,20261212
16406_20251214,1,1,1,1,1,0,0,20251214,20261212
16408_20251214,1,1,1,1,1,0,0,20251214,20261212
16410_20251214,1,1,1,1,1,0,0,20251214,20261212
16412_20251214,1,1,1,1,1,0,0,20251214,20261212
16414_20251214,1,1,1,1,1,0,0,20251214,20261212
16416_20251214,1,1,1,1,1,0,0,20251214,20261212
16418_20251214,1,1,1,1,1,0,0,20251214,20261212
16420_20251214,1,1,1,1,1,0,0,20251214,20261212
16422_20251214,1,1,1,1,1,0,0,20251214,20261212
16424_20251214,1,1,1,1,1,0,0,20251214,20261212
16426_20251214,1,1,1,1,1,0,0,20251214,20261212
16428_20251214,1,1,1,1,1,0,0,20251214,20261212
16430_20251214,1,1,1,1,1,0,0,20251214,20261212
16432_20251214,1,1,1,1,1,0,0,20251214,20261212
16434_20251214,1,1,1,1,1,0,0,20251214,20261212
16436_20251214,1,1,1,1,1,0,0,20251214,20261212
16438_20251214,1,1,1,1,1,0,0,20251214,20261212
16440_20251214,1,1,1,1,1,0,0,20251214,20261212
16442_20251214,1,1,1,1,1,0,0,20251214,20261212
16444_20251214,1,1,1,1,1,0,0,20251214,20261212
16446_20251214,1,1,1,1,1,0,0,20251214,20261212
16448_20251214,1,1,1,1,1,0,0,20251214,20261212
16450_20251214,1,1,1,1,1,0,0,20251214,20261212
16452_20251214,1,1,1,1,1,0,0,20251214,20261212
16454_20251225,1,1,1,1,1,0,0,20251225,20261212
16456_20251214,1,1,1,1,1,0,0,20251214,20261212
16458_20251214,1,1,1,1,1,0,0,20251214,20261212
16460_20251225,1,1,1,1,1,0,0,20251225,20261212
16462_20251214,1,1,1,1,1,0,0,20251214,20261212
16464_20260228,1,1,1,1,1,0,0,20260228,20261212
16466_20260425,0,0,0,0,0,0,0,20260425,20260426
16466_20260620,1,1,1,1,1,0,0,20260620,20261212
16468_20260421,0,1,1,1,1,1,0,20260421,20260425
16468_20260426,0,0,0,0,0,0,0,20260426,20260427
16468_20260428,0,1,1,1,1,1,0,20260428,20260620
16468_20260621,0,1,1,1,1,1,0,20260621,20261212
16500_20260131,1,1,1,1,1,0,0,20260131,20261212
16502_20251214,1,1,1,1,1,0,0,20251214,20261212
16504_20251214,1,1,1,1,1,0,0,20251214,20261212
16506_20251214,1,1,1,1,1,0,0,20251214,20261212
16508_20251214,1,1,1,1,1,0,0,20251214,20261212
16510_20251214,1,1,1,1,1,0,0,20251214,20261212
16512_20251214,1,1,1,1,1,0,0,20251214,20261212
16514_20251214,1,1,1,1,1,0,0,20251214,20261212
16516_20251214,1,1,1,1,1,0,0,20251214,20261212
16518_20251214,1,1,1,1,1,0,0,20251214,20261212
16520_20251214,1,1,1,1,1,0,0,20251214,20261212
16522_20251214,1,1,1,1,1,0,0,20251214,20261212
16524_20251214,1,1,1,1,1,0,0,20251214,20261212
16526_20251214,1,1,1,1,1,0,0,20251214,20261212
16528_20251214,1,1,1,1,1,0,0,20251214,20261212
16530_20251214,1,1,1,1,1,0,0,20251214,20261212
16532_20251214,1,1,1,1,1,0,0,20251214,20261212
16534_20251214,1,1,1,1,1,0,0,20251214,20261212
16536_20251214,1,1,1,1,1,0,0,20251214,20261212
16538_20251214,1,1,1,1,1,0,0,20251214,20261212
16540_20251214,1,1,1,1,1,0,0,20251214,20261212
16542_20251214,1,1,1,1,1,0,0,20251214,20261212
16544_20251214,1,1,1,1,1,0,0,20251214,20261212
16546_20251214,1,1,1,1,1,0,0,20251214,20261212
16548_20251214,1,1,1,1,1,0,0,20251214,20261212
16550_20251214,1,1,1,1,1,0,0,20251214,20261212
16552_20251214,1,1,1,1,1,0,0,20251214,20261212
16554_20251225,1,1,1,1,1,0,0,20251225,20261212
16556_20251214,1,1,1,1,1,0,0,20251214,20261212
16558_20251225,1,1,1,1,1,0,0,20251225,20261212
16560_20251214,1,1,1,1,1,0,0,20251214,20261212
16562_20251214,1,1,1,1,1,0,0,20251214,20261212
16564_20251225,1,1,1,1,1,0,0,20251225,20261212
16566_20260228,1,1,1,1,1,0,0,20260228,20261212
16568_20251214,0,1,1,1,1,1,0,20251214,20260622
16568_20260705,0,1,1,1,1,1,0,20260705,20261212
16800_20260323,1,1,1,1,1,1,1,20260323,20261212
16801_20251214,1,1,1,1,1,1,0,20251214,20261212
16802_20251214,1,1,1,1,1,1,0,20251214,20261212
16803_20251214,1,1,1,1,1,0,0,20251214,20261212
16804_20260102,1,1,1,1,1,1,1,20260102,20261212
16805_20251214,1,1,1,1,1,1,0,20251214,20261212
16806_20251214,1,1,1,1,1,0,0,20251214,20261212
16807_20251214,1,1,1,1,1,0,0,20251214,20261212
16808_20251214,1,1,1,1,1,1,1,20251214,20261212
16809_20251214,1,1,1,1,1,1,1,20251214,20261212
16810_20251214,1,1,1,1,1,1,1,20251214,20261212
16811_20251214,1,1,1,1,1,1,1,20251214,20261212
16812_20251214,1,1,1,1,1,1,1,20251214,20261212
16813_20251214,1,1,1,1,1,1,1,20251214,20261212
16814_20251214,1,1,1,1,1,1,1,20251214,20261212
16815_20251214,1,1,1,1,1,1,1,20251214,20261212
16816_20251214,1,1,1,1,1,1,1,20251214,20261212
16817_20251214,1,1,1,1,1,1,1,20251214,20261212
16818_20251214,1,1,1,1,1,1,1,20251214,20261212
16819_20251214,1,1,1,1,1,1,1,20251214,20261212
16820_20251214,1,1,1,1,1,0,0,20251214,20261212
16821_20251214,1,1,1,1,1,1,1,20251214,20261212
16822_20251214,1,1,1,1,1,1,1,20251214,20261212
16823_20251214,1,1,1,1,1,1,1,20251214,20261212
16824_20251214,1,1,1,1,1,0,1,20251214,20261212
16825_20251214,1,1,1,1,1,1,1,20251214,20261212
16826_20251214,1,1,1,1,1,0,0,20251214,20261212
16827_20251214,1,1,1,1,1,1,1,20251214,20261212
16828_20251214,1,1,1,1,1,1,1,20251214,20261212
16829_20251214,1,1,1,1,1,1,1,20251214,20261212
16830_20260101,1,1,1,1,1,1,1,20260101,20261212
16831_20260101,1,1,1,1,1,1,1,20260101,20261212
16833_20260101,1,1,1,1,1,1,1,20260101,20261212
17100_20251214,1,1,1,1,1,0,0,20251214,20261212
17101_20251214,1,1,1,1,1,1,1,20251214,20261212
17102_20251214,1,1,1,1,1,1,1,20251214,20261212
17103_20251214,1,1,1,1,1,1,1,20251214,20261212
17105_20251214,1,1,1,1,1,1,1,20251214,20261212
17200_20251214,1,1,1,1,1,1,1,20251214,20261212
17201_20251214,1,1,1,1,1,0,0,20251214,20261212
17202_20251214,1,1,1,1,1,0,0,20251214,20261212
17203_20251214,1,1,1,1,1,1,1,20251214,20261212
17204_20251214,1,1,1,1,1,1,1,20251214,20261212
17205_20251214,1,1,1,1,1,0,0,20251214,20261212
17206_20251214,1,1,1,1,1,0,0,20251214,20261212
17207_20251214,1,1,1,1,1,1,1,20251214,20261212
17208_20251214,1,1,1,1,1,1,1,20251214,20261212
17209_20251214,1,1,1,1,1,0,0,20251214,20261212
17210_20251214,1,1,1,1,1,0,0,20251214,20261212
17211_20251214,1,1,1,1,1,1,1,20251214,20261212
17212_20251214,1,1,1,1,1,1,1,20251214,20261212
17213_20251214,1,1,1,1,1,0,0,20251214,20261212
17214_20251214,1,1,1,1,1,0,0,20251214,20261212
17215_20251214,1,1,1,1,1,1,1,20251214,20261212
17216_20251214,1,1,1,1,1,1,1,20251214,20261212
17217_20251214,1,1,1,1,1,0,0,20251214,20261212
17218_20251214,1,1,1,1,1,0,0,20251214,20261212
17219_20251214,1,1,1,1,1,1,1,20251214,20261212
17220_20251214,1,1,1,1,1,1,1,20251214,20261212
17221_20251214,1,1,1,1,1,0,0,20251214,20261212
17222_20251214,1,1,1,1,1,0,0,20251214,20261212
17223_20251214,1,1,1,1,1,1,1,20251214,20261212
17224_20251214,1,1,1,1,1,1,1,20251214,20261212
17225_20251214,1,1,1,1,1,0,0,20251214,20261212
17226_20251214,1,1,1,1,1,0,0,20251214,20261212
17227_20251214,1,1,1,1,1,1,1,20251214,20261212
17228_20251214,1,1,1,1,1,1,1,20251214,20261212
17229_20251214,1,1,1,1,1,0,0,20251214,20261212
17230_20251214,1,1,1,1,1,0,0,20251214,20261212
17231_20251214,1,1,1,1,1,1,1,20251214,20261212
17232_20251214,1,1,1,1,1,1,1,20251214,20261212
17233_20251214,1,1,1,1,1,0,0,20251214,20261212
17234_20251214,1,1,1,1,1,0,0,20251214,20261212
17235_20251214,1,1,1,1,1,1,1,20251214,20261212
17236_20251214,1,1,1,1,1,1,1,20251214,20261212
17237_20251214,1,1,1,1,1,0,0,20251214,20261212
17238_20251214,1,1,1,1,1,0,0,20251214,20261212
17239_20251214,1,1,1,1,1,1,1,20251214,20261212
17240_20251214,1,1,1,1,1,1,1,20251214,20261212
17241_20251214,1,1,1,1,1,0,0,20251214,20261212
17242_20251214,1,1,1,1,1,0,0,20251214,20261212
17243_20251214,1,1,1,1,1,1,1,20251214,20261212
17244_20251214,1,1,1,1,1,1,1,20251214,20261212
17245_20251214,1,1,1,1,1,0,0,20251214,20261212
17246_20251214,1,1,1,1,1,0,0,20251214,20261212
17247_20251214,1,1,1,1,1,1,1,20251214,20261212
17248_20251214,1,1,1,1,1,1,1,20251214,20261212
17249_20251214,1,1,1,1,1,0,0,20251214,20261212
17250_20251214,1,1,1,1,1,0,0,20251214,20261212
17251_20251214,1,1,1,1,1,1,1,20251214,20261212
17252_20251214,1,1,1,1,1,1,1,20251214,20261212
17253_20251214,1,1,1,1,1,0,0,20251214,20261212
17254_20251214,1,1,1,1,1,0,0,20251214,20261212
17255_20251214,1,1,1,1,1,1,1,20251214,20261212
17256_20251214,1,1,1,1,1,1,1,20251214,20261212
17257_20251214,1,1,1,1,1,0,0,20251214,20261212
17258_20251214,1,1,1,1,1,0,0,20251214,20261212
17259_20251214,1,1,1,1,1,1,1,20251214,20261212
17260_20251214,1,1,1,1,1,1,1,20251214,20261212
17261_20251214,1,1,1,1,1,0,0,20251214,20261212
17262_20251214,1,1,1,1,1,0,0,20251214,20261212
17263_20251214,1,1,1,1,1,1,1,20251214,20261212
17264_20251214,1,1,1,1,1,1,1,20251214,20261212
17265_20251214,1,1,1,1,1,0,0,20251214,20261212
17266_20251214,1,1,1,1,1,1,1,20251214,20261212
17268_20251214,1,1,1,1,1,0,0,20251214,20261212
18000_20251214,1,1,1,1,1,0,0,20251214,20261212
18002_20251214,1,1,1,1,1,0,0,20251214,20261212
18004_20251214,1,1,1,1,1,0,0,20251214,20261212
18006_20251214,1,1,1,1,1,0,0,20251214,20261212
18008_20251214,1,1,1,1,1,0,0,20251214,20261212
18010_20251214,1,1,1,1,1,0,0,20251214,20261212
18012_20251214,1,1,1,1,1,0,0,20251214,20261212
18014_20251214,1,1,1,1,1,0,0,20251214,20261212
18016_20251214,1,1,1,1,1,0,0,20251214,20261212
18018_20251214,1,1,1,1,1,0,0,20251214,20261212
18020_20251214,1,1,1,1,1,0,0,20251214,20261212
18022_20251214,1,1,1,1,1,0,0,20251214,20261212
18024_20251225,1,1,1,1,1,0,0,20251225,20261212
18026_20251225,1,1,1,1,1,0,0,20251225,20261212
18050_20251214,1,1,1,1,1,0,0,20251214,20261212
18052_20251214,1,1,1,1,1,0,0,20251214,20261212
18054_20251214,1,1,1,1,1,0,0,20251214,20261212
18056_20251214,1,1,1,1,1,0,0,20251214,20261212
18058_20251214,1,1,1,1,1,0,0,20251214,20261212
18060_20251214,1,1,1,1,1,0,0,20251214,20261212
18062_20251214,1,1,1,1,1,0,0,20251214,20261212
18064_20251214,1,1,1,1,1,0,0,20251214,20261212
18066_20251214,1,1,1,1,1,0,0,20251214,20261212
18068_20251214,1,1,1,1,1,0,0,20251214,20261212
18070_20251214,1,1,1,1,1,0,0,20251214,20261212
18072_20251214,1,1,1,1,1,0,0,20251214,20261212
18074_20251225,1,1,1,1,1,0,0,20251225,20261212
18076_20251225,1,1,1,1,1,0,0,20251225,20261212
18200_20251226,1,1,1,1,1,1,1,20251226,20261212
18202_20251214,1,1,1,1,1,1,1,20251214,20260622
18202_20260628,1,0,0,0,0,0,1,20260628,20260629
18202_20260705,1,1,1,1,1,1,1,20260705,20261212
18204_20251226,1,1,1,1,1,1,1,20251226,20261212
18206_20251214,1,1,1,1,1,0,0,20251214,20261212
18208_20251214,1,1,1,1,1,1,1,20251214,20261212
18210_20251214,1,1,1,1,1,0,0,20251214,20261212
18212_20251214,1,1,1,1,1,1,1,20251214,20261212
18214_20251214,1,1,1,1,1,0,0,20251214,20261212
18216_20251226,1,1,1,1,1,1,1,20251226,20261212
18218_20251214,1,1,1,1,1,0,0,20251214,20261212
18220_20251214,1,1,1,1,1,1,1,20251214,20261212
18222_20251214,1,1,1,1,1,0,0,20251214,20261212
18224_20251214,1,1,1,1,1,1,1,20251214,20261212
18226_20251214,1,1,1,1,1,0,0,20251214,20261212
18228_20251214,1,1,1,1,1,1,1,20251214,20261212
18230_20251214,1,1,1,1,1,0,0,20251214,20261212
18232_20251214,1,1,1,1,1,1,1,20251214,20261212
18234_20251214,1,1,1,1,1,0,0,20251214,20261212
18236_20251214,1,1,1,1,1,1,1,20251214,20261212
18238_20251214,1,1,1,1,1,1,1,20251214,20261212
18240_20251214,1,1,1,1,1,0,0,20251214,20261212
18242_20251214,1,1,1,1,1,1,1,20251214,20261212
18244_20251214,1,1,1,1,1,0,0,20251214,20261212
18246_20251214,1,1,1,1,1,1,1,20251214,20261212
18248_20251214,1,1,1,1,1,0,0,20251214,20261212
18250_20251214,1,1,1,1,1,1,1,20251214,20261212
18252_20251214,1,1,1,1,1,0,0,20251214,20261212
18254_20251214,1,1,1,1,1,1,1,20251214,20261212
18256_20251214,1,1,1,1,1,0,0,20251214,20261212
18258_20251214,1,1,1,1,1,1,1,20251214,20261212
18260_20251214,1,1,1,1,1,0,0,20251214,20261212
18262_20251214,1,1,1,1,1,1,1,20251214,20261212
18264_20251214,1,1,1,1,1,0,0,20251214,20261212
18266_20251214,1,1,1,1,1,1,1,20251214,20261212
18268_20251214,1,1,1,1,1,0,0,20251214,20261212
18270_20251214,1,1,1,1,1,1,1,20251214,20261212
18272_20251214,1,1,1,1,1,0,0,20251214,20261212
18274_20251214,1,1,1,1,1,1,1,20251214,20261212
18276_20251214,1,1,1,1,1,0,0,20251214,20261212
18278_20251214,1,1,1,1,1,1,1,20251214,20261212
18280_20251214,1,1,1,1,1,0,0,20251214,20261212
18282_20251214,1,1,1,1,1,1,1,20251214,20261212
18284_20251214,1,1,1,1,1,0,0,20251214,20261212
18286_20251214,1,1,1,1,1,1,1,20251214,20261212
18288_20251214,1,1,1,1,1,0,0,20251214,20261212
18290_20251214,1,1,1,1,1,1,1,20251214,20261212
18292_20251214,1,1,1,1,1,0,0,20251214,20261212
18294_20251214,1,1,1,1,1,1,1,20251214,20261212
18296_20251214,1,1,1,1,1,0,0,20251214,20261212
18298_20251214,1,1,1,1,1,1,1,20251214,20261212
18300_20251214,1,1,1,1,1,0,0,20251214,20261212
18302_20251214,1,1,1,1,1,1,1,20251214,20261212
18304_20251214,1,1,1,1,1,0,0,20251214,20261212
18306_20251214,1,1,1,1,1,1,1,20251214,20261212
18308_20251214,1,1,1,1,1,0,0,20251214,20261212
18310_20251214,1,1,1,1,1,1,1,20251214,20261212
18312_20251214,1,1,1,1,1,0,0,20251214,20261212
18314_20251214,1,1,1,1,1,1,1,20251214,20261212
18316_20251214,1,1,1,1,1,0,0,20251214,20261212
18318_20251214,1,1,1,1,1,1,1,20251214,20261212
18320_20251214,1,1,1,1,1,0,0,20251214,20261212
18322_20251214,1,1,1,1,1,1,1,20251214,20261212
18324_20251225,1,1,1,1,1,1,1,20251225,20261212
18326_20251214,1,1,1,1,1,1,1,20251214,20261212
18328_20251225,1,1,1,1,1,1,1,20251225,20261212
18330_20251214,1,1,1,1,1,1,1,20251214,20261212
18332_20251225,1,1,1,1,1,1,1,20251225,20261212
18334_20251214,1,1,1,1,1,1,1,20251214,20261212
18400_20251226,1,1,1,1,1,1,1,20251226,20261212
18402_20251214,1,1,1,1,1,1,1,20251214,20261212
18404_20251214,1,1,1,1,1,1,1,20251214,20261212
18406_20251226,1,1,1,1,1,1,1,20251226,20261212
18408_20251214,1,1,1,1,1,1,1,20251214,20261212
18410_20251214,1,1,1,1,1,0,0,20251214,20261212
18412_20251214,1,1,1,1,1,1,1,20251214,20261212
18414_20251214,1,1,1,1,1,0,0,20251214,20261212
18416_20251214,1,1,1,1,1,1,1,20251214,20261212
18418_20251214,1,1,1,1,1,0,0,20251214,20261212
18420_20251214,1,1,1,1,1,1,1,20251214,20261212
18422_20251214,1,1,1,1,1,0,0,20251214,20261212
18424_20251214,1,1,1,1,1,1,1,20251214,20261212
18426_20251214,1,1,1,1,1,0,0,20251214,20261212
18428_20251214,1,1,1,1,1,1,1,20251214,20261212
18430_20251214,1,1,1,1,1,0,0,20251214,20261212
18432_20251214,1,1,1,1,1,1,1,20251214,20261212
18434_20251214,1,1,1,1,1,0,0,20251214,20261212
18436_20251214,1,1,1,1,1,1,1,20251214,20261212
18438_20251214,1,1,1,1,1,0,0,20251214,20261212
18440_20251214,1,1,1,1,1,1,1,20251214,20261212
18442_20251214,1,1,1,1,1,0,0,20251214,20261212
18444_20251214,1,1,1,1,1,1,1,20251214,20261212
18446_20251214,1,1,1,1,1,0,0,20251214,20261212
18448_20251214,1,1,1,1,1,1,1,20251214,20261212
18450_20251214,1,1,1,1,1,0,0,20251214,20261212
18452_20251214,1,1,1,1,1,1,1,20251214,20261212
18454_20251214,1,1,1,1,1,0,0,20251214,20261212
18456_20251214,1,1,1,1,1,1,1,20251214,20261212
18458_20251214,1,1,1,1,1,0,0,20251214,20261212
18460_20251214,1,1,1,1,1,1,1,20251214,20261212
18462_20251214,1,1,1,1,1,0,0,20251214,20261212
18464_20251214,1,1,1,1,1,1,1,20251214,20261212
18466_20251214,1,1,1,1,1,0,0,20251214,20261212
18468_20251214,1,1,1,1,1,1,1,20251214,20261212
18470_20251214,1,1,1,1,1,0,0,20251214,20261212
18472_20251214,1,1,1,1,1,1,1,20251214,20261212
18474_20251214,1,1,1,1,1,0,0,20251214,20261212
18476_20251214,1,1,1,1,1,1,1,20251214,20261212
18478_20251214,1,1,1,1,1,0,0,20251214,20261212
18480_20251214,1,1,1,1,1,1,1,20251214,20261212
18482_20251214,1,1,1,1,1,0,0,20251214,20261212
18484_20251214,1,1,1,1,1,1,1,20251214,20261212
18486_20251214,1,1,1,1,1,0,0,20251214,20261212
18488_20251214,1,1,1,1,1,1,1,20251214,20261212
18490_20251214,1,1,1,1,1,0,0,20251214,20261212
18492_20251214,1,1,1,1,1,1,1,20251214,20261212
18494_20251214,1,1,1,1,1,0,0,20251214,20261212
18496_20251214,1,1,1,1,1,1,1,20251214,20261212
18498_20251214,1,1,1,1,1,0,0,20251214,20261212
18500_20251214,1,1,1,1,1,1,1,20251214,20261212
18502_20251214,1,1,1,1,1,0,0,20251214,20261212
18504_20251214,1,1,1,1,1,1,1,20251214,20261212
18506_20251214,1,1,1,1,1,0,0,20251214,20261212
18508_20251214,1,1,1,1,1,1,1,20251214,20261212
18510_20251214,1,1,1,1,1,0,0,20251214,20261212
18512_20251214,1,1,1,1,1,1,1,20251214,20261212
18514_20251214,1,1,1,1,1,0,0,20251214,20261212
18516_20251214,1,1,1,1,1,1,1,20251214,20261212
18518_20251214,1,1,1,1,1,0,0,20251214,20261212
18520_20251214,1,1,1,1,1,1,1,20251214,20261212
18522_20251225,1,1,1,1,1,1,1,20251225,20261212
18524_20251214,1,1,1,1,1,1,1,20251214,20261212
18526_20251225,1,1,1,1,1,1,1,20251225,20261212
18528_20251214,1,1,1,1,1,1,1,20251214,20261212
18530_20251225,1,1,1,1,1,1,1,20251225,20261212
18532_20251214,1,1,1,1,1,1,1,20251214,20261212
18534_20251214,1,1,1,1,1,0,0,20251214,20261212
18650_20251214,1,1,1,1,1,0,0,20251214,20261212
18651_20251214,1,1,1,1,1,0,0,20251214,20261212
18652_20251214,1,1,1,1,1,1,1,20251214,20261212
18653_20251214,1,1,1,1,1,1,1,20251214,20261212
18654_20251214,1,1,1,1,1,0,0,20251214,20261212
18655_20251214,1,1,1,1,1,0,0,20251214,20261212
18656_20251214,1,1,1,1,1,0,0,20251214,20261212
18657_20251214,1,1,1,1,1,0,0,20251214,20261212
18658_20251214,1,1,1,1,1,1,1,20251214,20261212
18659_20251214,1,1,1,1,1,1,1,20251214,20261212
18660_20251214,1,1,1,1,1,0,0,20251214,20261212
18661_20251214,1,1,1,1,1,0,0,20251214,20261212
18662_20251214,1,1,1,1,1,0,0,20251214,20261212
18663_20251214,1,1,1,1,1,0,0,20251214,20261212
18664_20251214,1,1,1,1,1,1,1,20251214,20261212
18665_20251214,1,1,1,1,1,1,1,20251214,20261212
18666_20251214,1,1,1,1,1,0,0,20251214,20261212
18667_20251214,1,1,1,1,1,0,0,20251214,20261212
18668_20251214,1,1,1,1,1,1,1,20251214,20261212
18669_20251214,1,1,1,1,1,0,0,20251214,20261212
18670_20251214,1,1,1,1,1,1,1,20251214,20261212
18671_20251214,1,1,1,1,1,1,1,20251214,20261212
18672_20251214,1,1,1,1,1,1,1,20251214,20261212
18673_20251214,1,1,1,1,1,0,0,20251214,20261212
18674_20251214,1,1,1,1,1,1,1,20251214,20261212
18675_20251214,1,1,1,1,1,1,1,20251214,20261212
18676_20251214,1,1,1,1,1,1,1,20251214,20261212
18677_20251214,1,1,1,1,1,0,0,20251214,20261212
18678_20251214,1,1,1,1,1,1,1,20251214,20261212
18679_20251214,1,1,1,1,1,1,1,20251214,20261212
18680_20251214,1,1,1,1,1,1,1,20251214,20261212
18681_20251214,1,1,1,1,1,0,0,20251214,20261212
18682_20251214,1,1,1,1,1,0,0,20251214,20261212
18683_20251214,1,1,1,1,1,1,1,20251214,20261212
18684_20251214,1,1,1,1,1,1,1,20251214,20261212
18685_20251214,1,1,1,1,1,0,0,20251214,20261212
18686_20251214,1,1,1,1,1,0,0,20251214,20261212
18687_20251214,1,1,1,1,1,1,1,20251214,20261212
18688_20251214,1,1,1,1,1,0,0,20251214,20261212
18689_20251214,1,1,1,1,1,0,0,20251214,20261212
18690_20251214,1,1,1,1,1,1,1,20251214,20261212
18691_20251214,1,1,1,1,1,1,1,20251214,20261212
18692_20251214,1,1,1,1,1,0,0,20251214,20261212
18693_20251214,1,1,1,1,1,0,0,20251214,20261212
18694_20251214,1,1,1,1,1,0,0,20251214,20261212
18695_20251214,1,1,1,1,1,1,1,20251214,20261212
18696_20251214,1,1,1,1,1,1,1,20251214,20261212
18697_20251214,1,1,1,1,1,0,0,20251214,20261212
18698_20251214,1,1,1,1,1,0,0,20251214,20261212
18699_20251214,1,1,1,1,1,1,1,20251214,20261212
18700_20251214,1,1,1,1,1,0,0,20251214,20261212
18701_20251214,1,1,1,1,1,0,0,20251214,20261212
18702_20251214,1,1,1,1,1,1,1,20251214,20261212
18703_20251214,1,1,1,1,1,0,0,20251214,20261212
18704_20251214,1,1,1,1,1,0,0,20251214,20261212
18705_20251214,1,1,1,1,1,1,1,20251214,20261212
18707_20251214,1,1,1,1,1,0,0,20251214,20261212
18709_20251214,1,1,1,1,1,0,0,20251214,20261212
18711_20251214,1,1,1,1,1,1,1,20251214,20261212
18713_20251214,1,1,1,1,1,0,0,20251214,20261212
18715_20251214,1,1,1,1,1,0,0,20251214,20261212
18717_20251214,1,1,1,1,1,1,1,20251214,20261212
18719_20251214,1,1,1,1,1,0,0,20251214,20261212
18721_20251214,1,1,1,1,1,0,0,20251214,20261212
18723_20251214,1,1,1,1,1,1,1,20251214,20261212
18800_20251214,1,1,1,1,1,1,1,20251214,20261212
18801_20251226,1,1,1,1,1,1,1,20251226,20261212
18802_20251214,1,1,1,1,1,1,1,20251214,20261212
18803_20251214,1,1,1,1,1,1,1,20251214,20261212
18804_20251214,1,1,1,1,1,1,1,20251214,20261212
18805_20251226,1,1,1,1,1,1,1,20251226,20261212
18806_20251226,1,1,1,1,1,1,1,20251226,20261212
18807_20251214,1,1,1,1,1,0,0,20251214,20261212
18808_20251214,1,1,1,1,1,0,0,20251214,20261212
18809_20251214,1,1,1,1,1,1,1,20251214,20261212
18810_20251214,1,1,1,1,1,1,1,20251214,20261212
18811_20251214,1,1,1,1,1,0,0,20251214,20261212
18812_20251214,1,1,1,1,1,0,0,20251214,20261212
18813_20251214,1,1,1,1,1,1,1,20251214,20261212
18814_20251214,1,1,1,1,1,0,0,20251214,20261212
18815_20251214,1,1,1,1,1,0,0,20251214,20261212
18816_20251214,1,1,1,1,1,1,1,20251214,20261212
18817_20251214,1,1,1,1,1,0,0,20251214,20261212
18818_20251214,1,1,1,1,1,0,0,20251214,20261212
18819_20251214,1,1,1,1,1,1,1,20251214,20261212
18820_20251214,1,1,1,1,1,0,0,20251214,20261212
18821_20251214,1,1,1,1,1,0,0,20251214,20261212
18822_20251214,1,1,1,1,1,1,1,20251214,20261212
18823_20251214,1,1,1,1,1,0,0,20251214,20261212
18824_20251214,1,1,1,1,1,0,0,20251214,20261212
18825_20251214,1,1,1,1,1,1,1,20251214,20261212
18826_20251214,1,1,1,1,1,0,0,20251214,20261212
18827_20251214,1,1,1,1,1,0,0,20251214,20261212
18828_20251214,1,1,1,1,1,1,1,20251214,20261212
18829_20251214,1,1,1,1,1,0,0,20251214,20261212
18830_20251214,1,1,1,1,1,0,0,20251214,20261212
18831_20251214,1,1,1,1,1,1,1,20251214,20261212
18832_20251214,1,1,1,1,1,0,0,20251214,20261212
18833_20251214,1,1,1,1,1,0,0,20251214,20261212
18834_20251214,1,1,1,1,1,1,1,20251214,20261212
18835_20251214,1,1,1,1,1,1,1,20251214,20261212
18836_20251214,1,1,1,1,1,0,0,20251214,20261212
18837_20251214,1,1,1,1,1,0,0,20251214,20261212
18838_20251214,1,1,1,1,1,0,0,20251214,20261212
18839_20251214,1,1,1,1,1,1,1,20251214,20261212
18840_20251214,1,1,1,1,1,1,1,20251214,20261212
18841_20251214,1,1,1,1,1,0,0,20251214,20261212
18842_20251214,1,1,1,1,1,0,0,20251214,20261212
18843_20251214,1,1,1,1,1,1,1,20251214,20261212
18844_20251214,1,1,1,1,1,0,0,20251214,20261212
18845_20251214,1,1,1,1,1,0,0,20251214,20261212
18846_20251214,1,1,1,1,1,1,1,20251214,20261212
18847_20251214,1,1,1,1,1,1,1,20251214,20261212
18848_20251214,1,1,1,1,1,0,0,20251214,20261212
18849_20251214,1,1,1,1,1,0,0,20251214,20261212
18850_20251214,1,1,1,1,1,0,0,20251214,20261212
18851_20251214,1,1,1,1,1,1,1,20251214,20261212
18852_20251214,1,1,1,1,1,1,1,20251214,20261212
18853_20251214,1,1,1,1,1,0,0,20251214,20261212
18854_20251214,1,1,1,1,1,0,0,20251214,20261212
18855_20251214,1,1,1,1,1,1,1,20251214,20261212
18856_20251214,1,1,1,1,1,0,0,20251214,20261212
18857_20251214,1,1,1,1,1,0,0,20251214,20261212
18858_20251214,1,1,1,1,1,1,1,20251214,20261212
18859_20251214,1,1,1,1,1,1,1,20251214,20261212
18860_20251214,1,1,1,1,1,0,0,20251214,20261212
18861_20251214,1,1,1,1,1,0,0,20251214,20261212
18862_20251214,1,1,1,1,1,0,0,20251214,20261212
18863_20251214,1,1,1,1,1,0,0,20251214,20261212
18864_20251214,1,1,1,1,1,1,1,20251214,20261212
18865_20251214,1,1,1,1,1,1,1,20251214,20261212
18866_20251214,1,1,1,1,1,0,0,20251214,20261212
18867_20251214,1,1,1,1,1,0,0,20251214,20261212
18868_20251214,1,1,1,1,1,0,0,20251214,20261212
18869_20251214,1,1,1,1,1,0,0,20251214,20261212
18870_20251214,1,1,1,1,1,1,1,20251214,20261212
18871_20251214,1,1,1,1,1,1,1,20251214,20261212
18872_20251214,1,1,1,1,1,0,0,20251214,20261212
18873_20251214,1,1,1,1,1,0,0,20251214,20261212
18874_20251214,1,1,1,1,1,0,0,20251214,20261212
18875_20251214,1,1,1,1,1,0,0,20251214,20261212
18876_20251214,1,1,1,1,1,1,1,20251214,20261212
18877_20251214,1,1,1,1,1,1,1,20251214,20261212
18878_20251214,1,1,1,1,1,0,0,20251214,20261212
18879_20251214,1,1,1,1,1,0,0,20251214,20261212
18880_20251214,1,1,1,1,1,0,0,20251214,20261212
18882_20251214,1,1,1,1,1,1,1,20251214,20261212
18883_20251225,1,1,1,1,1,1,1,20251225,20261212
18884_20251214,1,1,1,1,1,0,0,20251214,20261212
18885_20251214,1,1,1,1,1,1,1,20251214,20261212
18886_20251214,1,1,1,1,1,0,0,20251214,20261212
18887_20251225,1,1,1,1,1,1,1,20251225,20261212
18888_20251214,1,1,1,1,1,1,1,20251214,20261212
18889_20251214,1,1,1,1,1,1,1,20251214,20261212
18890_20251225,1,1,1,1,1,0,0,20251225,20261212
18891_20251225,1,1,1,1,1,1,1,20251225,20261212
18892_20251214,1,1,1,1,1,1,1,20251214,20261212
18893_20251214,1,1,1,1,1,1,1,20251214,20261212
18894_20251214,1,1,1,1,1,1,1,20251214,20261212
18895_20251214,1,1,1,1,1,0,0,20251214,20261212
18896_20251225,1,1,1,1,1,1,1,20251225,20261212
18897_20251214,1,1,1,1,1,0,0,20251214,20261212
18898_20251214,1,1,1,1,1,1,1,20251214,20261212
18900_20251225,1,1,1,1,1,1,1,20251225,20261212
18902_20251214,1,1,1,1,1,1,1,20251214,20261212
18904_20251225,1,1,1,1,1,1,1,20251225,20261212
19000_20260602,1,1,1,1,1,1,1,20260602,20261212
19001_20260602,1,1,1,1,1,1,1,20260602,20261212
19002_20260602,1,1,1,1,1,1,1,20260602,20261212
19003_20260602,1,1,1,1,1,1,1,20260602,20261212
19004_20260602,1,1,1,1,1,1,1,20260602,20261212
19005_20260602,1,1,1,1,1,1,1,20260602,20261212
19006_20260602,1,1,1,1,1,1,1,20260602,20261212
19007_20260602,1,1,1,1,1,1,1,20260602,20261212
19008_20260420,1,1,1,1,1,1,0,20260420,20260425
19008_20260427,1,1,1,1,1,1,0,20260427,20260502
19008_20260504,1,1,1,1,1,1,0,20260504,20260509
19008_20260511,1,1,1,1,1,1,1,20260511,20260523
19008_20260525,1,1,1,1,1,1,0,20260525,20260530
19008_20260601,1,1,1,1,1,1,1,20260601,20261212
19009_20260420,1,1,1,1,1,1,0,20260420,20260425
19009_20260427,1,1,1,1,1,1,0,20260427,20260502
19009_20260504,1,1,1,1,1,1,0,20260504,20260509
19009_20260511,1,1,1,1,1,1,1,20260511,20260523
19009_20260525,1,1,1,1,1,1,0,20260525,20260530
19009_20260601,1,1,1,1,1,1,1,20260601,20261212
19010_20260420,1,1,1,1,1,1,0,20260420,20260425
19010_20260427,1,1,1,1,1,1,0,20260427,20260502
19010_20260504,1,1,1,1,1,1,0,20260504,20260509
19010_20260511,1,1,1,1,1,1,1,20260511,20260523
19010_20260525,1,1,1,1,1,1,0,20260525,20260530
19010_20260601,1,1,1,1,1,1,1,20260601,20261212
19011_20260420,1,1,1,1,1,1,0,20260420,20260425
19011_20260427,1,1,1,1,1,1,0,20260427,20260502
19011_20260504,1,1,1,1,1,1,0,20260504,20260509
19011_20260511,1,1,1,1,1,1,1,20260511,20260523
19011_20260525,1,1,1,1,1,1,0,20260525,20260530
19011_20260601,1,1,1,1,1,1,1,20260601,20261212
19012_20260420,1,1,1,1,1,1,0,20260420,20260425
19012_20260427,1,1,1,1,1,1,0,20260427,20260502
19012_20260504,1,1,1,1,1,1,0,20260504,20260509
19012_20260511,1,1,1,1,1,1,1,20260511,20260523
19012_20260525,1,1,1,1,1,1,0,20260525,20260530
19012_20260601,1,1,1,1,1,1,1,20260601,20261212
19013_20260420,1,1,1,1,1,1,0,20260420,20260425
19013_20260427,1,1,1,1,1,1,0,20260427,20260502
19013_20260504,1,1,1,1,1,1,0,20260504,20260509
19013_20260511,1,1,1,1,1,1,1,20260511,20260523
19013_20260525,1,1,1,1,1,1,0,20260525,20260530
19013_20260601,1,1,1,1,1,1,1,20260601,20261212
19014_20260425,0,0,0,0,0,1,0,20260425,20260425
19014_20260501,0,0,0,0,1,1,0,20260501,20260502
19014_20260509,0,0,0,0,0,1,0,20260509,20260509
19014_20260516,0,0,0,0,0,1,1,20260516,20260523
19014_20260530,0,0,0,0,0,1,0,20260530,20260530
19014_20260601,1,1,1,1,0,1,1,20260601,20261212
19015_20260425,0,0,0,0,0,1,0,20260425,20260425
19015_20260501,0,0,0,0,1,1,0,20260501,20260502
19015_20260509,0,0,0,0,0,1,0,20260509,20260509
19015_20260516,0,0,0,0,0,1,1,20260516,20260523
19015_20260530,0,0,0,0,0,1,0,20260530,20260530
19015_20260601,1,1,1,1,0,1,1,20260601,20261212
19016_20260425,0,0,0,0,0,1,0,20260425,20260425
19016_20260501,0,0,0,0,1,1,0,20260501,20260502
19016_20260509,0,0,0,0,0,1,0,20260509,20260509
19016_20260516,0,0,0,0,0,1,1,20260516,20260523
19016_20260530,0,0,0,0,0,1,0,20260530,20260530
19016_20260601,1,1,1,1,0,1,1,20260601,20261212
19017_20260425,0,0,0,0,0,1,0,20260425,20260425
19017_20260501,0,0,0,0,1,1,0,20260501,20260502
19017_20260509,0,0,0,0,0,1,0,20260509,20260509
19017_20260516,0,0,0,0,0,1,1,20260516,20260523
19017_20260530,0,0,0,0,0,1,0,20260530,20260530
19017_20260601,1,1,1,1,0,1,1,20260601,20261212
19018_20260425,0,0,0,0,0,1,0,20260425,20260425
19018_20260501,0,0,0,0,1,1,0,20260501,20260502
19018_20260509,0,0,0,0,0,1,0,20260509,20260509
19018_20260516,0,0,0,0,0,1,1,20260516,20260523
19018_20260530,0,0,0,0,0,1,0,20260530,20260530
19018_20260601,1,1,1,1,0,1,1,20260601,20261212
19019_20260425,0,0,0,0,0,1,0,20260425,20260425
19019_20260501,0,0,0,0,1,1,0,20260501,20260502
19019_20260509,0,0,0,0,0,1,0,20260509,20260509
19019_20260516,0,0,0,0,0,1,1,20260516,20260523
19019_20260530,0,0,0,0,0,1,0,20260530,20260530
19019_20260601,1,1,1,1,0,1,1,20260601,20261212
19020_20260425,0,0,0,0,0,1,0,20260425,20260425
19020_20260501,0,0,0,0,1,1,0,20260501,20260502
19020_20260509,0,0,0,0,0,1,0,20260509,20260509
19020_20260516,0,0,0,0,0,1,1,20260516,20260523
19020_20260530,0,0,0,0,0,1,0,20260530,20260530
19020_20260601,1,1,1,1,0,1,1,20260601,20261212
19021_20260413,1,1,1,1,1,1,1,20260413,20261212
19022_20260425,0,0,0,0,0,1,0,20260425,20260425
19022_20260501,0,0,0,0,1,1,0,20260501,20260502
19022_20260509,0,0,0,0,0,1,0,20260509,20260509
19022_20260516,0,0,0,0,0,1,1,20260516,20260523
19022_20260530,0,0,0,0,0,1,0,20260530,20260530
19022_20260601,1,1,1,1,0,1,1,20260601,20261212
19023_20260413,1,1,1,1,1,1,1,20260413,20261212
19024_20260413,1,1,1,1,1,1,1,20260413,20261212
19025_20260413,1,1,1,1,1,1,1,20260413,20261212
19026_20260413,1,1,1,1,1,1,1,20260413,20261212
19027_20260413,1,1,1,1,1,1,1,20260413,20261212
19028_20260413,1,1,1,1,1,1,1,20260413,20261212
19029_20260413,1,1,1,1,1,1,1,20260413,20261212
19030_20260413,1,1,1,1,1,1,1,20260413,20261212
19031_20260413,1,1,1,1,1,1,1,20260413,20261212
19032_20260413,1,1,1,1,1,1,1,20260413,20261212
19033_20260413,1,1,1,1,1,1,1,20260413,20261212
19034_20260413,1,1,1,1,1,1,1,20260413,20261212
19035_20260413,1,1,1,1,1,1,1,20260413,20261212
19036_20260413,1,1,1,1,1,1,1,20260413,20261212
19037_20260413,1,1,1,1,1,1,1,20260413,20261212
19038_20260413,1,1,1,1,1,1,1,20260413,20261212
19039_20260413,1,1,1,1,1,1,1,20260413,20261212
19040_20260413,1,1,1,1,1,1,1,20260413,20261212
19041_20260413,1,1,1,1,1,1,1,20260413,20261212
19042_20260413,1,1,1,1,1,1,1,20260413,20261212
19043_20260413,1,1,1,1,1,1,1,20260413,20261212
19044_20260413,1,1,1,1,1,1,1,20260413,20261212
19045_20260413,1,1,1,1,1,1,1,20260413,20261212
19046_20260413,1,1,1,1,1,1,1,20260413,20261212
19047_20260413,1,1,1,1,1,1,1,20260413,20261212
19048_20260413,1,1,1,1,1,1,1,20260413,20261212
19049_20260413,1,1,1,1,1,1,1,20260413,20261212
19050_20260413,1,1,1,1,1,1,1,20260413,20261212
19051_20260413,1,1,1,1,1,1,1,20260413,20261212
19052_20260413,1,1,1,1,1,1,1,20260413,20261212
19053_20260413,1,1,1,1,1,1,1,20260413,20261212
19054_20260413,1,1,1,1,1,1,1,20260413,20261212
19055_20260413,1,1,1,1,1,1,1,20260413,20261212
19056_20260413,1,1,1,1,1,1,1,20260413,20261212
19057_20260413,1,1,1,1,1,1,1,20260413,20261212
19058_20260413,1,1,1,1,1,1,1,20260413,20261212
19059_20260413,1,1,1,1,1,1,1,20260413,20261212
19060_20260413,1,1,1,1,1,1,1,20260413,20261212
19061_20260413,1,1,1,1,1,1,1,20260413,20261212
19062_20260413,1,1,1,1,1,1,1,20260413,20261212
19063_20260413,1,1,1,1,1,1,1,20260413,20261212
19064_20260413,1,1,1,1,1,1,1,20260413,20261212
19065_20260413,1,1,1,1,1,1,1,20260413,20261212
19066_20260413,1,1,1,1,1,1,1,20260413,20261212
19067_20260413,1,1,1,1,1,1,1,20260413,20261212
19068_20260413,1,1,1,1,1,1,1,20260413,20261212
19069_20260413,1,1,1,1,1,1,1,20260413,20261212
19070_20260413,1,1,1,1,1,1,1,20260413,20261212
19071_20260413,1,1,1,1,1,1,1,20260413,20261212
19072_20260413,1,1,1,1,1,1,1,20260413,20261212
19073_20260413,1,1,1,1,1,1,1,20260413,20261212
19074_20260413,1,1,1,1,1,1,1,20260413,20261212
19075_20260413,1,1,1,1,1,1,1,20260413,20261212
19076_20260413,1,1,1,1,1,1,1,20260413,20261212
19077_20260413,1,1,1,1,1,1,1,20260413,20261212
19078_20260413,1,1,1,1,1,1,1,20260413,20261212
19079_20260413,1,1,1,1,1,1,1,20260413,20261212
19080_20260413,1,1,1,1,1,1,1,20260413,20261212
19081_20260413,1,1,1,1,1,1,1,20260413,20261212
19082_20260413,1,1,1,1,1,1,1,20260413,20261212
19083_20260413,1,1,1,1,1,1,1,20260413,20261212
19084_20260413,1,1,1,1,1,1,1,20260413,20261212
19085_20260413,1,1,1,1,1,1,1,20260413,20261212
19086_20260413,1,1,1,1,1,1,1,20260413,20261212
19087_20260425,0,0,0,0,0,1,0,20260425,20260425
19087_20260501,0,0,0,0,1,1,0,20260501,20260502
19087_20260509,0,0,0,0,0,1,0,20260509,20260509
19087_20260516,0,0,0,0,0,1,1,20260516,20260523
19087_20260530,0,0,0,0,0,1,0,20260530,20260530
19087_20260601,1,1,1,1,0,1,1,20260601,20261212
19088_20260413,1,1,1,1,1,1,1,20260413,20261212
19089_20260425,0,0,0,0,0,1,0,20260425,20260425
19089_20260501,0,0,0,0,1,1,0,20260501,20260502
19089_20260509,0,0,0,0,0,1,0,20260509,20260509
19089_20260516,0,0,0,0,0,1,1,20260516,20260523
19089_20260530,0,0,0,0,0,1,0,20260530,20260530
19089_20260601,1,1,1,1,0,1,1,20260601,20261212
19090_20260425,0,0,0,0,0,1,0,20260425,20260425
19090_20260501,0,0,0,0,1,1,0,20260501,20260502
19090_20260509,0,0,0,0,0,1,0,20260509,20260509
19090_20260516,0,0,0,0,0,1,1,20260516,20260523
19090_20260530,0,0,0,0,0,1,0,20260530,20260530
19090_20260601,1,1,1,1,0,1,1,20260601,20261212
19091_20260420,1,1,1,1,1,0,0,20260420,20260424
19091_20260427,1,1,1,1,1,0,0,20260427,20260501
19091_20260504,1,1,1,1,1,0,0,20260504,20260508
19091_20260511,1,1,1,1,1,0,0,20260511,20260515
19091_20260518,1,1,1,1,1,0,0,20260518,20260522
19091_20260524,1,1,1,1,1,0,1,20260524,20260529
19091_20260601,1,1,1,1,1,1,1,20260601,20261212
19093_20260301,1,1,1,1,1,0,0,20260301,20261212
19094_20260425,0,0,0,0,0,1,0,20260425,20260425
19094_20260501,0,0,0,0,1,1,0,20260501,20260502
19094_20260509,0,0,0,0,0,1,0,20260509,20260509
19094_20260516,0,0,0,0,0,1,1,20260516,20260523
19094_20260530,0,0,0,0,0,1,0,20260530,20260530
19094_20260601,1,1,1,1,0,1,1,20260601,20261212
19095_20260501,0,0,0,0,1,0,0,20260501,20260501
19095_20260524,0,0,0,0,0,0,1,20260524,20260524
19095_20260601,1,1,1,1,0,1,1,20260601,20261212
19096_20260301,1,1,1,1,1,0,0,20260301,20261212
19097_20260301,1,1,1,1,1,0,0,20260301,20261212
19098_20260301,1,1,1,1,1,0,0,20260301,20261212
19099_20260601,1,1,1,1,1,1,1,20260601,20261212
19100_20260501,0,0,0,0,1,0,0,20260501,20260501
19100_20260524,0,0,0,0,0,0,1,20260524,20260524
19100_20260601,1,1,1,1,0,1,1,20260601,20261212
19101_20260601,1,1,1,1,1,1,1,20260601,20261212
19102_20260420,1,1,1,1,1,0,0,20260420,20260424
19102_20260427,1,1,1,1,1,0,0,20260427,20260501
19102_20260504,1,1,1,1,1,0,0,20260504,20260508
19102_20260511,1,1,1,1,1,0,0,20260511,20260515
19102_20260518,1,1,1,1,1,0,0,20260518,20260522
19102_20260524,1,1,1,1,1,0,1,20260524,20260529
19102_20260601,1,1,1,1,1,1,1,20260601,20261212
19103_20260601,1,1,1,1,1,1,1,20260601,20261212
19104_20260601,1,1,1,1,1,1,1,20260601,20261212
19105_20260601,1,1,1,1,1,1,1,20260601,20261212
19106_20260601,1,1,1,1,1,1,1,20260601,20261212
19107_20260601,1,1,1,1,1,1,1,20260601,20261212
19108_20260601,1,1,1,1,1,1,1,20260601,20261212
19110_20260601,1,1,1,1,1,1,1,20260601,20261212
19200_20260301,1,1,1,1,1,0,0,20260301,20261212
19201_20260301,1,1,1,1,1,0,0,20260301,20261212
19202_20260301,1,1,1,1,1,0,0,20260301,20261212
19203_20260301,1,1,1,1,1,0,0,20260301,20261212
19204_20260301,1,1,1,1,1,0,0,20260301,20261212
19205_20260301,1,1,1,1,1,0,0,20260301,20261212
19206_20260301,1,1,1,1,1,0,0,20260301,20261212
19207_20260301,1,1,1,1,1,0,0,20260301,20261212
19208_20260301,1,1,1,1,1,0,0,20260301,20261212
19209_20260301,1,1,1,1,1,0,0,20260301,20261212
19210_20260301,1,1,1,1,1,0,0,20260301,20261212
19211_20260301,1,1,1,1,1,0,0,20260301,20261212
19212_20260301,1,1,1,1,1,0,0,20260301,20261212
19213_20260301,1,1,1,1,1,0,0,20260301,20261212
19214_20260301,1,1,1,1,1,0,0,20260301,20261212
19215_20260301,1,1,1,1,1,0,0,20260301,20261212
19216_20260301,1,1,1,1,1,0,0,20260301,20261212
19217_20260301,1,1,1,1,1,0,0,20260301,20261212
19218_20260301,1,1,1,1,1,0,0,20260301,20261212
19219_20260301,1,1,1,1,1,0,0,20260301,20261212
19220_20260301,1,1,1,1,1,0,0,20260301,20261212
19221_20260301,1,1,1,1,1,0,0,20260301,20261212
19222_20260301,1,1,1,1,1,0,0,20260301,20261212
19223_20260301,1,1,1,1,1,0,0,20260301,20261212
19224_20260301,1,1,1,1,1,0,0,20260301,20261212
19225_20260301,1,1,1,1,1,0,0,20260301,20261212
19226_20260301,1,1,1,1,1,0,0,20260301,20261212
19227_20260301,1,1,1,1,1,0,0,20260301,20261212
19228_20260301,1,1,1,1,1,0,0,20260301,20261212
19229_20260301,1,1,1,1,1,0,0,20260301,20261212
19230_20260301,1,1,1,1,1,0,0,20260301,20261212
19231_20260301,1,1,1,1,1,0,0,20260301,20261212
19232_20260301,1,1,1,1,1,0,0,20260301,20261212
19233_20260301,1,1,1,1,1,0,0,20260301,20261212
19234_20260301,1,1,1,1,1,0,0,20260301,20261212
19235_20260301,1,1,1,1,1,0,0,20260301,20261212
19236_20260301,1,1,1,1,1,0,0,20260301,20261212
19237_20260301,1,1,1,1,1,0,0,20260301,20261212
19238_20260301,1,1,1,1,1,0,0,20260301,20261212
19239_20260301,1,1,1,1,1,0,0,20260301,20261212
19240_20260301,1,1,1,1,1,0,0,20260301,20261212
19241_20260301,1,1,1,1,1,0,0,20260301,20261212
19242_20260301,1,1,1,1,1,0,0,20260301,20261212
19243_20260301,1,1,1,1,1,0,0,20260301,20261212
19244_20260301,1,1,1,1,1,0,0,20260301,20261212
19245_20260301,1,1,1,1,1,0,0,20260301,20261212
19246_20260301,1,1,1,1,1,0,0,20260301,20261212
19247_20260301,1,1,1,1,1,0,0,20260301,20261212
19248_20260301,1,1,1,1,1,0,0,20260301,20261212
19249_20260301,1,1,1,1,1,0,0,20260301,20261212
19250_20260301,1,1,1,1,1,0,0,20260301,20261212
19251_20260301,1,1,1,1,1,0,0,20260301,20261212
19252_20260301,1,1,1,1,1,0,0,20260301,20261212
19600_20260301,1,1,1,1,1,0,0,20260301,20261212
19601_20260301,1,1,1,1,1,0,0,20260301,20261212
19602_20260301,1,1,1,1,1,0,0,20260301,20261212
19603_20260301,1,1,1,1,1,0,0,20260301,20261212
19604_20260301,1,1,1,1,1,0,0,20260301,20261212
19605_20260301,1,1,1,1,1,0,0,20260301,20261212
19606_20260301,1,1,1,1,1,0,0,20260301,20261212
19607_20260301,1,1,1,1,1,0,0,20260301,20261212
19608_20260301,1,1,1,1,1,0,0,20260301,20261212
19609_20260301,1,1,1,1,1,0,0,20260301,20261212
19610_20260301,1,1,1,1,1,0,0,20260301,20261212
19611_20260301,1,1,1,1,1,0,0,20260301,20261212
19612_20260301,1,1,1,1,1,0,0,20260301,20261212
19613_20260301,1,1,1,1,1,0,0,20260301,20261212
19614_20260301,1,1,1,1,1,0,0,20260301,20261212
19615_20260301,1,1,1,1,1,0,0,20260301,20261212
19616_20260301,1,1,1,1,1,0,0,20260301,20261212
19617_20260301,1,1,1,1,1,0,0,20260301,20261212
19618_20260301,1,1,1,1,1,0,0,20260301,20261212
19619_20260301,1,1,1,1,1,0,0,20260301,20261212
19620_20260301,1,1,1,1,1,0,0,20260301,20261212
19621_20260301,1,1,1,1,1,0,0,20260301,20261212
19622_20260301,1,1,1,1,1,0,0,20260301,20261212
19623_20260301,1,1,1,1,1,0,0,20260301,20261212
19624_20260301,1,1,1,1,1,0,0,20260301,20261212
19625_20260301,1,1,1,1,1,0,0,20260301,20261212
19626_20260301,1,1,1,1,1,0,0,20260301,20261212
19627_20260301,1,1,1,1,1,0,0,20260301,20261212
19628_20260301,1,1,1,1,1,0,0,20260301,20261212
19629_20260301,1,1,1,1,1,0,0,20260301,20261212
19630_20260301,1,1,1,1,1,0,0,20260301,20261212
19631_20260301,1,1,1,1,1,0,0,20260301,20261212
19632_20260301,1,1,1,1,1,0,0,20260301,20261212
19633_20260301,1,1,1,1,1,0,0,20260301,20261212
19634_20260301,1,1,1,1,1,0,0,20260301,20261212
19635_20260301,1,1,1,1,1,0,0,20260301,20261212
19636_20260301,1,1,1,1,1,0,0,20260301,20261212
19637_20260301,1,1,1,1,1,0,0,20260301,20261212
19638_20260301,1,1,1,1,1,0,0,20260301,20261212
19639_20260301,1,1,1,1,1,0,0,20260301,20261212
19640_20260301,1,1,1,1,1,0,0,20260301,20261212
19641_20260301,1,1,1,1,1,0,0,20260301,20261212
19642_20260301,1,1,1,1,1,0,0,20260301,20261212
19643_20260301,1,1,1,1,1,0,0,20260301,20261212
19644_20260301,1,1,1,1,1,0,0,20260301,20261212
19645_20260301,1,1,1,1,1,0,0,20260301,20261212
19646_20260301,1,1,1,1,1,0,0,20260301,20261212
19647_20260301,1,1,1,1,1,0,0,20260301,20261212
19648_20260301,1,1,1,1,1,0,0,20260301,20261212
19649_20260301,1,1,1,1,1,0,0,20260301,20261212
19650_20260301,1,1,1,1,1,0,0,20260301,20261212
19651_20260301,1,1,1,1,1,0,0,20260301,20261212
19652_20260301,1,1,1,1,1,0,0,20260301,20261212
19653_20260301,1,1,1,1,1,0,0,20260301,20261212
21723_20260411,0,0,0,0,0,1,0,20260411,20260425
21723_20260509,0,0,0,0,0,1,0,20260509,20260516
21810_20260412,1,1,1,1,1,0,0,20260412,20261212
21811_20260412,1,1,1,1,1,0,0,20260412,20261212
21812_20260412,1,1,1,1,1,1,1,20260412,20261212
21813_20260412,1,1,1,1,1,1,1,20260412,20261212
23400_20260407,0,1,1,1,1,0,0,20260407,20260515
25600_20260316,1,1,1,1,1,1,0,20260316,20261212
25601_20260316,1,1,1,1,1,1,1,20260316,20261212
25620_20260316,1,1,1,1,1,1,1,20260316,20261212
25621_20260316,1,1,1,1,1,1,1,20260316,20261212
25622_20260316,1,1,1,1,1,1,1,20260316,20261212
25623_20260316,1,1,1,1,1,1,1,20260316,20261212
25624_20260316,1,1,1,1,1,1,1,20260316,20261212
25625_20260316,1,1,1,1,1,1,1,20260316,20261212
25673_20260316,1,1,1,1,1,1,1,20260316,20261212
26409_20260412,1,1,1,1,1,1,1,20260412,20261212
26414_20260412,1,1,1,1,1,1,1,20260412,20261212
30810_20260301,1,1,1,1,1,1,1,20260301,20261212
30811_20260301,1,1,1,1,1,0,0,20260301,20261212
30813_20260301,1,1,1,1,1,1,1,20260301,20261212
33400_20260411,0,0,0,0,0,1,0,20260411,20260501
33400_20260503,0,0,0,0,0,1,0,20260503,20260516
35600_20260316,1,1,1,1,1,1,0,20260316,20261212
35601_20260316,1,1,1,1,1,1,1,20260316,20261212
35620_20260316,1,1,1,1,1,1,1,20260316,20261212
35621_20260316,1,1,1,1,1,1,1,20260316,20261212
35622_20260316,1,1,1,1,1,1,1,20260316,20261212
35623_20260316,1,1,1,1,1,1,1,20260316,20261212
35624_20260316,1,1,1,1,1,1,1,20260316,20261212
35625_20260316,1,1,1,1,1,1,1,20260316,20261212
35657_20260427,1,1,1,1,0,0,0,20260427,20260514
35659_20260427,1,1,1,1,0,0,0,20260427,20260514
35700_20260412,0,0,0,0,0,0,1,20260412,20260426
35700_20260510,0,0,0,0,0,0,1,20260510,20260517
35758_20260411,0,0,0,0,0,1,0,20260411,20260425
35758_20260509,0,0,0,0,0,1,0,20260509,20260516
35760_20260411,0,0,0,0,0,1,0,20260411,20260425
35760_20260509,0,0,0,0,0,1,0,20260509,20260516
35762_20260411,0,0,0,0,0,1,1,20260411,20260426
35762_20260509,0,0,0,0,0,1,1,20260509,20260517
35900_20260412,0,0,0,0,0,0,1,20260412,20260426
35900_20260510,0,0,0,0,0,0,1,20260510,20260517
35907_20260412,0,0,0,0,0,0,1,20260412,20260426
35907_20260510,0,0,0,0,0,0,1,20260510,20260517
35911_20260412,0,0,0,0,0,0,1,20260412,20260426
35911_20260510,0,0,0,0,0,0,1,20260510,20260517
36001_20260621,1,0,0,0,0,0,1,20260621,20260629
36003_20260621,1,0,0,0,0,0,1,20260621,20260629
36005_20260628,0,0,0,0,0,0,1,20260628,20260628
36200_20260621,1,0,0,0,0,0,1,20260621,20260629
36202_20260621,1,0,0,0,0,0,1,20260621,20260629
36400_20260322,1,1,1,1,1,1,1,20260322,20261212
36403_20260322,1,1,1,1,1,1,1,20260322,20261212
36404_20260322,1,1,1,1,1,1,1,20260322,20261212
36405_20260322,1,1,1,1,1,0,0,20260322,20261212
36406_20260322,1,1,1,1,1,1,1,20260322,20261212
36407_20260322,1,1,1,1,1,1,1,20260322,20261212
36408_20260322,1,1,1,1,1,1,1,20260322,20261212
36409_20260322,1,1,1,1,1,1,1,20260322,20261212
36410_20260322,1,1,1,1,1,1,1,20260322,20261212
36411_20260322,1,1,1,1,1,1,1,20260322,20261212
36412_20260322,1,1,1,1,1,1,1,20260322,20261212
36413_20260322,1,1,1,1,1,1,1,20260322,20261212
36414_20260322,1,1,1,1,1,1,1,20260322,20261212
36415_20260322,1,1,1,1,1,1,1,20260322,20261212
36417_20260322,1,1,1,1,1,1,1,20260322,20261212
36466_20260420,1,1,1,1,1,0,0,20260420,20260424
36466_20260427,1,1,1,1,1,0,0,20260427,20260619
36568_20260623,0,1,1,1,1,1,0,20260623,20260704
38000_20260621,1,0,0,0,0,0,1,20260621,20260629
38002_20260621,1,0,0,0,0,0,1,20260621,20260629
38004_20260621,1,0,0,0,0,0,1,20260621,20260629
38006_20260628,0,0,0,0,0,0,1,20260628,20260628
38008_20260628,0,0,0,0,0,0,1,20260628,20260628
38202_20260623,0,1,1,1,1,1,0,20260623,20260704
39000_20260421,1,1,1,1,1,1,1,20260421,20260601
39001_20260421,1,1,1,1,1,1,1,20260421,20260601
39002_20260421,1,1,1,1,1,1,1,20260421,20260601
39003_20260421,1,1,1,1,1,1,1,20260421,20260601
39004_20260421,1,1,1,1,1,1,1,20260421,20260601
39005_20260421,1,1,1,1,1,1,1,20260421,20260601
39006_20260421,1,1,1,1,1,1,1,20260421,20260601
39007_20260421,1,1,1,1,1,1,1,20260421,20260601
39008_20260420,0,0,0,0,0,0,1,20260420,20260510
39008_20260524,0,0,0,0,0,0,1,20260524,20260531
39009_20260420,0,0,0,0,0,0,1,20260420,20260510
39009_20260524,0,0,0,0,0,0,1,20260524,20260531
39010_20260420,0,0,0,0,0,0,1,20260420,20260510
39010_20260524,0,0,0,0,0,0,1,20260524,20260531
39011_20260420,0,0,0,0,0,0,1,20260420,20260510
39011_20260524,0,0,0,0,0,0,1,20260524,20260531
39012_20260420,0,0,0,0,0,0,1,20260420,20260510
39012_20260524,0,0,0,0,0,0,1,20260524,20260531
39013_20260420,0,0,0,0,0,0,1,20260420,20260510
39013_20260524,0,0,0,0,0,0,1,20260524,20260531
39014_20260420,0,0,0,0,0,0,1,20260420,20260510
39014_20260524,0,0,0,0,0,0,1,20260524,20260531
39015_20260420,0,0,0,0,0,0,1,20260420,20260510
39015_20260524,0,0,0,0,0,0,1,20260524,20260531
39016_20260420,0,0,0,0,0,0,1,20260420,20260510
39016_20260524,0,0,0,0,0,0,1,20260524,20260531
39017_20260420,0,0,0,0,0,0,1,20260420,20260510
39017_20260524,0,0,0,0,0,0,1,20260524,20260531
39018_20260420,0,0,0,0,0,0,1,20260420,20260510
39018_20260524,0,0,0,0,0,0,1,20260524,20260531
39019_20260420,0,0,0,0,0,0,1,20260420,20260510
39019_20260524,0,0,0,0,0,0,1,20260524,20260531
39020_20260420,0,0,0,0,0,0,1,20260420,20260510
39020_20260524,0,0,0,0,0,0,1,20260524,20260531
39022_20260420,0,0,0,0,0,0,1,20260420,20260510
39022_20260524,0,0,0,0,0,0,1,20260524,20260531
39087_20260420,0,0,0,0,0,0,1,20260420,20260510
39087_20260524,0,0,0,0,0,0,1,20260524,20260531
39089_20260420,0,0,0,0,0,0,1,20260420,20260510
39089_20260524,0,0,0,0,0,0,1,20260524,20260531
39090_20260420,0,0,0,0,0,0,1,20260420,20260510
39090_20260524,0,0,0,0,0,0,1,20260524,20260531
39091_20260420,0,0,0,0,0,1,1,20260420,20260523
39091_20260530,0,0,0,0,0,1,1,20260530,20260531
39094_20260420,0,0,0,0,0,0,1,20260420,20260510
39094_20260524,0,0,0,0,0,0,1,20260524,20260531
39095_20260420,0,0,0,0,0,1,1,20260420,20260523
39095_20260530,0,0,0,0,0,1,1,20260530,20260531
39099_20260420,1,1,1,1,1,1,1,20260420,20260531
39100_20260420,0,0,0,0,0,1,1,20260420,20260523
39100_20260530,0,0,0,0,0,1,1,20260530,20260531
39101_20260420,1,1,1,1,1,1,1,20260420,20260531
39102_20260420,0,0,0,0,0,1,1,20260420,20260523
39102_20260530,0,0,0,0,0,1,1,20260530,20260531
39103_20260420,1,1,1,1,1,1,1,20260420,20260531
39104_20260420,1,1,1,1,1,1,1,20260420,20260531
39105_20260420,1,1,1,1,1,1,1,20260420,20260531
39106_20260420,1,1,1,1,1,1,1,20260420,20260531
39107_20260420,1,1,1,1,1,1,1,20260420,20260531
39108_20260420,1,1,1,1,1,1,1,20260420,20260531
39110_20260420,1,1,1,1,1,1,1,20260420,20260531
39201_20260710,0,0,0,0,1,1,1,20260710,20260712
39203_20260710,0,0,0,0,1,1,1,20260710,20260712
39205_20260710,0,0,0,0,1,1,1,20260710,20260712
39209_20260710,0,0,0,0,1,1,1,20260710,20260712
39211_20260710,0,0,0,0,1,1,1,20260710,20260712
39213_20260710,0,0,0,0,1,1,1,20260710,20260712
39950_20260710,0,0,0,0,1,1,1,20260710,20260712
39951_20260711,0,0,0,0,0,1,0,20260711,20260711
39952_20260710,0,0,0,0,1,1,1,20260710,20260712
39953_20260711,0,0,0,0,0,1,0,20260711,20260711
39954_20260710,0,0,0,0,1,1,1,20260710,20260712
39955_20260711,0,0,0,0,0,1,0,20260711,20260711
39957_20260711,0,0,0,0,0,1,0,20260711,20260711
39958_20260710,0,0,0,0,1,1,1,20260710,20260712
39959_20260711,0,0,0,0,0,1,0,20260711,20260711
39960_20260710,0,0,0,0,1,1,1,20260710,20260712
39961_20260711,0,0,0,0,0,1,0,20260711,20260711
39962_20260710,0,0,0,0,1,1,1,20260710,20260712
43400_20260411,0,0,0,0,0,1,0,20260411,20260501
43400_20260503,0,0,0,0,0,1,0,20260503,20260516
45601_20260403,0,0,0,0,1,1,1,20260403,20260429
45601_20260430,0,0,0,1,0,0,0,20260430,20260430
45601_20260501,0,0,0,0,1,0,1,20260501,20260602
45601_20260603,0,0,1,0,0,0,0,20260603,20260603
45601_20260604,0,0,0,1,1,0,1,20260604,20260608
45601_20260609,0,1,0,0,0,0,0,20260609,20260609
45601_20260610,1,1,1,0,1,1,1,20260610,20261212
